2 100
2505 2571
0 83 42 27 89 -19 -37
1 81 33 5 2 -94 -73
2 12 49 14 76 64 99
3 41 82 32 18 99 -6
4 26 1 86 67 -5 -72
5 97 68 60 39 -33 -41
6 25 11 38 85 -78 82
7 32 10 56 37 -26 0
8 61 100 39 16 -84 35
9 10 68 43 62 -74 39
10 58 96 59 46 14 95
11 23 67 34 39 44 4
12 12 16 59 65 -77 61
13 14 69 32 72 59 -4
14 22 12 10 40 65 -50
15 78 9 91 45 -80 -23
16 86 87 21 92 -39 -1
17 36 14 38 16 -67 48
18 46 27 13 87 -49 -59
19 34 6 43 4 56 28
20 100 60 7 43 4 -47
21 54 19 56 11 76 50
22 95 51 59 10 -2 34
23 92 49 33 38 60 -8
24 68 95 28 24 87 65
25 82 90 14 41 32 -90
26 1 28 70 83 -4 100
27 32 94 79 32 -63 72
28 5 37 90 26 -70 -71
29 53 14 65 87 98 -29
30 55 19 7 80 15 67
31 95 86 72 5 -1 70
32 13 53 53 83 99 -69
33 88 66 4 69 95 -81
34 35 40 80 54 87 7
35 37 68 97 56 -50 33
36 65 55 16 78 8 37
37 33 74 31 33 80 -11
38 45 52 44 54 35 -85
39 92 79 81 66 -22 24
40 28 43 30 73 86 -58
41 68 45 19 57 58 52
42 95 13 77 31 23 26
43 44 32 90 33 91 22
44 82 40 75 22 -28 98
45 96 41 6 91 44 12
46 62 51 69 59 93 26
47 29 14 15 53 92 82
48 61 43 27 43 -25 2
49 77 77 22 30 61 -74
50 32 81 89 91 4 73
51 50 57 21 44 34 27
52 81 4 63 66 -81 -49
53 50 28 97 69 10 7
54 82 9 91 29 -89 -13
55 13 31 5 73 -20 30
56 14 51 56 65 80 -63
57 12 12 32 23 -43 10
58 51 94 7 72 -48 -88
59 69 14 100 86 89 28
60 72 82 27 11 -43 -81
61 4 59 25 8 31 -78
62 94 51 7 3 -65 -9
63 63 26 81 24 -34 70
64 42 72 70 19 40 -49
65 1 90 54 79 -29 47
66 37 30 15 35 12 65
67 14 68 52 100 -55 73
68 71 25 27 77 47 77
69 49 31 77 34 -9 8
70 9 39 4 97 79 60
71 85 5 14 87 8 56
72 18 78 96 72 -29 68
73 35 45 77 66 -73 -7
74 57 63 5 8 70 -92
75 22 12 65 39 -83 -50
76 67 78 27 96 -53 50
77 32 99 81 80 51 -73
78 55 48 19 96 51 -20
79 13 83 85 83 90 -47
80 44 2 26 49 31 -99
81 23 40 22 18 84 -57
82 10 86 15 15 -95 -98
83 34 76 53 8 -62 -94
84 45 89 28 48 -18 62
85 43 79 21 92 13 -27
86 14 99 67 54 -77 50
87 90 50 22 81 -87 -92
88 42 95 23 11 -69 47
89 62 15 73 100 -86 7
90 81 6 57 85 -96 27
91 92 61 1 9 -58 69
92 7 100 9 4 75 -63
93 38 17 2 10 -2 38
94 34 96 70 85 -17 -40
95 34 52 65 55 60 -89
96 89 37 92 47 -68 -93
97 56 77 46 70 4 17
98 66 42 17 22 33 3
99 38 31 22 85 4 27
