2 100
3975 4086
0 42 60 60 62 31 16
1 18 14 32 93 19 5
2 27 41 75 97 63 94
3 83 96 62 52 55 99
4 68 99 32 93 65 97
5 58 7 19 45 50 100
6 19 54 40 95 66 77
7 77 100 99 18 39 100
8 17 45 74 92 88 53
9 67 76 50 49 73 32
10 73 48 23 63 99 77
11 100 25 7 59 60 70
12 18 79 36 47 9 41
13 2 61 53 85 25 71
14 40 26 29 15 99 33
15 31 68 13 21 72 7
16 82 40 86 59 87 82
17 9 42 91 55 78 38
18 11 81 20 11 44 4
19 70 84 9 23 49 63
20 80 56 18 52 36 17
21 45 33 84 55 2 2
22 64 56 49 98 88 58
23 37 33 52 47 83 55
24 51 54 46 56 72 47
25 62 60 49 32 52 57
26 65 25 15 87 73 71
27 4 25 42 94 50 97
28 1 75 6 61 97 76
29 92 37 75 59 10 1
30 73 26 67 50 47 90
31 61 80 53 90 64 22
32 66 76 82 83 70 35
33 63 65 83 72 3 25
34 57 80 20 21 26 20
35 43 2 65 71 50 67
36 45 70 39 59 62 44
37 32 11 9 88 48 49
38 31 61 87 78 41 86
39 75 94 64 55 77 20
40 88 75 53 42 50 40
41 78 78 99 9 8 24
42 97 34 39 22 5 64
43 83 93 57 31 60 17
44 60 34 66 25 57 26
45 68 68 29 8 21 73
46 52 64 98 69 87 26
47 23 87 25 35 76 15
48 85 62 89 61 83 71
49 62 99 71 2 94 96
50 14 35 72 71 78 59
51 45 17 97 17 58 92
52 67 4 82 32 35 99
53 97 29 49 89 64 28
54 63 5 2 84 68 68
55 53 66 39 38 94 22
56 65 37 76 54 35 19
57 70 73 50 49 75 70
58 73 73 9 89 23 54
59 66 67 27 18 53 98
60 8 12 95 97 35 87
61 59 68 97 6 29 6
62 46 39 25 43 58 67
63 95 54 33 7 56 9
64 34 69 74 52 90 83
65 76 95 34 16 100 47
66 61 14 53 51 20 7
67 76 81 47 19 89 92
68 25 23 48 56 10 54
69 89 84 91 58 84 47
70 49 25 93 39 25 88
71 58 9 73 88 55 12
72 64 3 83 66 63 21
73 78 18 75 11 81 18
74 38 62 67 27 82 68
75 86 70 78 67 99 51
76 52 95 48 72 26 93
77 87 7 33 73 31 24
78 68 3 14 9 87 21
79 7 47 30 90 94 20
80 90 10 31 66 61 29
81 17 14 14 7 4 43
82 15 66 88 6 95 8
83 14 11 40 85 56 51
84 28 56 74 12 26 65
85 69 69 28 44 10 89
86 53 56 66 13 26 30
87 37 38 80 13 97 17
88 96 32 93 63 58 16
89 46 38 70 35 40 48
90 60 72 32 23 4 11
91 51 19 72 78 73 89
92 36 92 92 91 70 92
93 69 16 67 45 52 83
94 5 11 3 56 21 5
95 7 3 64 99 10 87
96 98 89 86 24 87 62
97 85 31 32 41 1 49
98 60 86 89 71 29 25
99 2 17 68 2 66 78
