2 100
4135 4012
0 8 82 25 60 -75 56
1 64 79 90 93 -8 -98
2 24 11 21 65 -41 12
3 57 82 42 96 -61 -35
4 3 66 10 8 -36 -26
5 45 36 64 9 76 4
6 13 7 44 40 -26 -89
7 45 6 69 80 -66 -58
8 94 64 44 82 -60 60
9 13 44 19 77 97 -67
10 100 4 95 68 40 -97
11 7 2 51 1 -3 -31
12 80 50 9 10 -38 -11
13 75 90 25 66 46 -10
14 89 33 74 44 60 -9
15 71 21 36 96 -16 -16
16 97 10 10 41 -30 -3
17 67 58 24 33 7 71
18 88 25 9 41 -79 92
19 17 52 69 40 -15 5
20 89 88 44 10 -30 -15
21 7 26 66 50 -35 19
22 85 49 85 40 -7 -19
23 21 28 60 100 13 95
24 87 15 51 12 -94 -95
25 69 83 29 40 -27 -27
26 27 9 15 9 26 -82
27 64 99 13 19 -76 1
28 14 95 22 5 -16 68
29 10 94 43 30 -33 -21
30 28 92 34 44 -47 -65
31 22 65 22 81 -35 -3
32 83 66 20 54 -7 10
33 39 3 25 49 45 -33
34 49 79 100 59 -39 2
35 63 72 67 67 -56 76
36 71 27 21 92 -85 -3
37 78 63 16 47 -20 92
38 39 80 99 13 65 99
39 90 38 85 58 -49 19
40 8 80 17 93 64 -46
41 57 96 53 70 -76 6
42 31 22 76 19 -20 -38
43 46 98 23 30 -23 78
44 69 63 11 69 -61 46
45 49 84 48 90 -25 88
46 56 77 42 4 -28 72
47 11 37 7 36 -75 55
48 18 65 100 11 -33 -86
49 34 41 54 94 -85 22
50 57 5 48 72 19 87
51 3 65 31 78 1 25
52 67 14 84 37 -74 -26
53 53 37 27 16 -91 -19
54 65 85 74 19 89 69
55 99 18 33 54 70 -85
56 63 12 29 81 -22 -25
57 17 86 7 94 -47 26
58 77 83 93 85 -75 -89
59 40 64 57 17 44 -30
60 27 89 100 36 -60 70
61 49 76 51 27 25 79
62 77 65 99 28 6 -55
63 36 97 79 39 -7 -89
64 67 48 74 78 -75 50
65 32 81 79 6 -18 -64
66 8 16 81 54 67 93
67 17 89 41 89 -60 58
68 20 29 28 67 -67 -37
69 13 97 72 47 6 -15
70 95 2 2 39 -32 61
71 8 35 23 67 71 36
72 17 43 4 8 -96 12
73 32 5 29 11 -3 19
74 45 57 78 54 20 19
75 58 16 78 87 -8 -9
76 54 20 56 55 -61 -70
77 7 28 84 39 -42 -98
78 78 99 84 91 -66 5
79 25 72 31 6 -90 -97
80 40 27 14 45 -46 -76
81 94 21 51 15 16 -58
82 30 8 53 34 -54 -66
83 35 22 9 54 -96 69
84 95 83 51 40 22 -26
85 20 11 23 86 -34 -66
86 30 47 28 88 -41 -47
87 4 38 58 40 -40 -65
88 94 100 8 52 68 -46
89 11 34 18 32 -65 34
90 44 53 69 85 10 -26
91 15 97 44 84 -55 67
92 54 32 61 26 -24 -74
93 6 73 20 64 39 74
94 48 63 25 80 92 0
95 25 98 73 3 -97 -1
96 3 98 64 84 89 -62
97 40 52 79 100 26 -58
98 92 14 81 22 68 75
99 96 9 71 56 72 -85
