2 100
1071 925
0 60 58 69 52 78 14
1 61 20 74 1 75 86
2 100 9 81 27 65 8
3 36 44 8 48 72 64
4 10 7 23 63 28 33
5 85 98 14 62 40 33
6 31 92 46 19 26 73
7 10 49 27 18 86 60
8 66 42 59 71 44 78
9 44 49 70 11 39 98
10 76 58 56 68 48 5
11 15 33 37 38 13 99
12 74 67 63 72 68 48
13 3 94 35 95 14 94
14 61 81 46 53 27 16
15 64 92 86 30 16 89
16 59 98 24 6 70 7
17 99 50 98 82 40 31
18 3 27 27 2 12 47
19 94 70 2 9 63 9
20 82 55 38 42 66 33
21 24 7 12 62 26 74
22 21 53 53 8 75 49
23 84 39 2 89 46 27
24 40 23 77 65 3 40
25 6 58 69 62 94 7
26 26 49 23 35 59 17
27 57 41 87 11 95 7
28 41 61 29 16 73 1
29 99 5 36 58 95 14
30 79 3 88 64 14 98
31 56 3 94 38 67 31
32 34 44 30 36 44 64
33 97 91 61 65 55 40
34 35 57 74 19 63 8
35 56 75 11 23 2 42
36 93 3 35 39 74 80
37 47 60 93 15 61 34
38 91 96 34 12 41 88
39 58 19 57 83 71 74
40 43 71 97 58 47 73
41 72 92 23 74 68 52
42 81 15 73 1 3 39
43 23 26 25 77 53 39
44 71 69 52 10 39 49
45 20 76 3 75 29 86
46 96 35 21 44 85 76
47 99 51 38 9 47 85
48 96 58 89 67 90 98
49 86 8 95 78 53 91
50 75 79 48 13 31 2
51 47 99 45 62 2 90
52 8 75 96 82 66 85
53 78 45 60 73 89 80
54 84 36 73 62 60 57
55 91 47 67 40 19 83
56 61 87 89 14 2 43
57 9 54 33 37 16 22
58 33 94 76 23 19 58
59 11 8 82 2 10 79
60 91 92 48 91 32 13
61 96 82 12 82 64 28
62 36 3 59 31 46 83
63 95 80 39 71 53 60
64 22 97 34 83 29 53
65 80 1 51 76 74 24
66 32 68 55 8 43 47
67 45 24 3 67 50 70
68 38 85 12 25 91 15
69 94 100 60 32 87 61
70 96 33 52 65 66 83
71 7 49 88 98 98 80
72 67 1 19 19 53 88
73 54 18 31 64 46 35
74 44 90 27 66 80 46
75 76 90 33 83 100 14
76 12 70 16 83 40 27
77 52 33 4 24 27 23
78 47 14 69 5 92 13
79 2 87 63 36 71 78
80 16 33 93 45 73 81
81 16 44 56 46 41 36
82 54 17 57 46 84 8
83 40 50 61 25 87 67
84 93 60 13 58 50 7
85 53 34 82 7 8 81
86 30 98 25 51 10 91
87 47 84 10 49 52 64
88 62 27 46 16 63 24
89 55 68 40 51 30 91
90 12 38 55 31 61 48
91 48 77 73 27 61 85
92 1 53 77 77 59 86
93 10 83 19 58 3 76
94 94 63 28 41 100 24
95 53 63 25 73 63 23
96 84 87 68 57 18 44
97 60 12 63 58 88 94
98 3 75 33 72 31 58
99 5 69 79 60 38 25
