2 100
2507 2588
0 3 25 32 44 24 12
1 58 49 15 72 79 99
2 78 42 13 10 3 38
3 93 87 70 7 84 84
4 27 5 61 61 65 43
5 13 76 14 58 48 43
6 53 89 78 6 12 27
7 92 8 25 90 16 39
8 95 43 75 59 21 69
9 86 21 39 11 72 91
10 42 81 73 38 67 69
11 13 17 82 78 34 68
12 46 73 20 2 98 33
13 76 37 21 54 35 47
14 30 75 28 78 74 55
15 65 47 76 73 70 33
16 89 14 10 55 4 99
17 60 79 45 52 28 94
18 45 10 68 57 62 55
19 13 70 1 21 1 53
20 60 59 82 78 88 22
21 24 38 80 30 39 37
22 88 25 42 67 21 71
23 43 20 46 56 46 63
24 53 48 71 83 97 84
25 91 40 97 98 24 11
26 69 63 38 81 4 83
27 84 22 47 74 30 83
28 64 56 17 27 97 100
29 98 64 70 65 47 66
30 76 41 88 26 27 77
31 61 99 48 46 44 14
32 69 23 93 60 67 39
33 93 52 7 43 16 57
34 8 37 80 3 68 83
35 34 68 6 39 10 25
36 9 78 48 19 2 55
37 42 23 33 51 51 87
38 97 73 72 83 87 92
39 16 22 57 56 31 45
40 29 14 72 97 82 70
41 77 86 13 27 42 25
42 1 92 2 71 19 73
43 40 97 72 56 7 78
44 74 22 77 66 34 82
45 75 23 9 21 51 19
46 70 33 68 59 64 23
47 74 72 81 13 36 43
48 35 19 81 91 48 23
49 15 81 71 12 8 47
50 74 4 63 99 44 80
51 96 36 57 81 63 29
52 64 59 55 97 97 49
53 37 18 77 19 90 3
54 33 99 47 56 71 9
55 30 97 69 24 51 92
56 56 37 30 14 58 34
57 63 2 69 44 39 43
58 25 65 33 19 16 24
59 17 86 83 26 97 51
60 74 99 46 62 9 97
61 98 45 99 86 30 26
62 4 27 12 89 16 23
63 39 71 100 65 11 23
64 81 39 78 49 93 53
65 36 46 89 75 8 66
66 87 29 32 39 56 7
67 55 21 85 67 89 62
68 67 91 12 92 65 58
69 77 82 23 48 98 65
70 16 43 94 95 62 12
71 41 100 19 71 62 85
72 12 31 59 92 98 90
73 19 32 36 69 41 37
74 61 65 64 68 95 93
75 64 40 99 27 86 43
76 46 62 28 72 50 23
77 54 95 52 63 16 46
78 91 64 23 84 11 92
79 80 45 89 91 78 61
80 23 78 16 43 95 62
81 76 63 92 10 27 23
82 4 35 98 73 71 84
83 31 11 26 25 9 22
84 69 87 92 47 54 91
85 71 22 2 24 8 48
86 56 95 9 74 72 65
87 54 70 22 18 16 37
88 53 40 16 63 56 9
89 53 20 100 2 42 13
90 53 39 81 49 55 50
91 23 14 11 62 47 80
92 90 42 84 48 8 72
93 12 70 3 3 32 40
94 83 8 98 74 72 98
95 57 25 49 23 51 52
96 14 90 74 53 50 99
97 98 2 21 5 44 64
98 91 52 37 10 50 93
99 36 84 75 63 67 80
