2 100
1042 1102
0 51 23 58 92 75 -64
1 6 88 23 48 10 79
2 41 20 36 6 65 23
3 83 6 81 5 -62 34
4 52 3 5 30 -82 -90
5 84 55 2 98 15 25
6 69 11 65 50 -50 69
7 69 71 90 58 -99 55
8 3 62 57 61 -69 37
9 54 23 43 73 91 42
10 10 24 82 84 -74 -33
11 18 50 4 81 79 65
12 86 63 40 43 -31 -66
13 21 39 87 36 40 70
14 48 45 100 44 36 -14
15 32 11 65 45 32 29
16 82 31 24 8 88 -79
17 16 61 2 9 -81 2
18 74 56 28 88 63 44
19 23 76 30 82 -57 61
20 61 82 85 71 95 56
21 52 38 81 91 19 -65
22 13 74 15 73 -24 -92
23 33 33 46 97 56 -12
24 5 20 36 55 -18 -88
25 49 52 41 77 -87 -39
26 29 100 49 5 83 -28
27 88 67 85 52 0 8
28 48 73 23 97 97 45
29 40 22 53 1 -15 -46
30 16 59 38 69 -91 96
31 44 88 32 79 -30 -37
32 27 10 44 22 45 82
33 40 31 41 98 14 -23
34 69 37 53 91 -86 -45
35 45 98 75 5 89 -15
36 31 4 21 54 -57 -83
37 6 85 90 8 -41 24
38 68 30 90 61 -97 -87
39 60 20 11 92 -93 -56
40 67 79 5 94 93 -88
41 96 78 48 1 -14 51
42 11 67 11 52 45 -21
43 98 3 31 22 55 -63
44 21 57 57 14 41 -43
45 36 89 99 62 -25 -63
46 87 55 36 68 -75 55
47 2 37 75 53 19 -67
48 99 32 53 43 87 81
49 5 17 85 73 -65 21
50 87 48 11 64 9 29
51 58 95 43 1 -44 43
52 100 83 28 1 37 -18
53 30 65 72 73 26 95
54 3 4 70 11 87 21
55 7 89 56 78 77 -38
56 76 47 40 23 20 -75
57 90 98 73 23 -20 -60
58 64 81 89 88 -66 -9
59 17 36 35 61 65 94
60 95 81 4 64 -40 -32
61 8 8 62 44 -38 58
62 13 11 13 26 -77 -28
63 26 47 49 74 -2 95
64 83 58 40 51 -32 19
65 41 83 35 100 -77 -5
66 63 86 38 51 0 -34
67 54 10 66 77 29 80
68 34 99 3 65 -50 -71
69 25 60 65 89 36 28
70 68 67 6 44 48 -47
71 64 68 38 13 16 33
72 36 93 73 86 46 57
73 80 87 28 100 -85 1
74 76 16 43 88 42 -99
75 45 45 43 17 59 -3
76 68 32 44 93 23 -10
77 56 7 53 24 69 -86
78 52 70 70 74 68 -62
79 99 54 72 24 -45 90
80 7 67 3 75 74 19
81 69 83 82 51 -5 83
82 27 73 91 53 -96 81
83 57 25 99 38 73 -8
84 47 39 72 56 -40 64
85 38 11 84 75 -26 -54
86 41 46 58 34 -79 1
87 84 81 52 43 -70 -77
88 59 38 34 32 -96 -33
89 8 21 24 4 5 -68
90 81 86 88 96 -14 -89
91 86 44 81 80 33 -2
92 72 59 5 26 31 76
93 14 90 2 85 87 14
94 40 76 26 42 71 99
95 97 93 11 91 -69 -92
96 37 93 75 22 -24 -57
97 48 23 49 83 -79 45
98 75 16 31 90 14 -21
99 66 66 25 89 -6 86
