2 100
3972 4393
0 39 55 94 82 88 10
1 60 37 14 44 88 10
2 46 85 56 3 88 10
3 96 13 79 83 88 10
4 18 38 21 29 88 10
5 2 74 13 71 88 10
6 45 51 67 57 88 10
7 96 48 8 91 88 10
8 36 3 15 8 88 10
9 96 62 3 34 88 10
10 56 45 52 61 88 10
11 44 53 35 90 88 10
12 91 30 82 7 88 10
13 84 19 72 46 88 10
14 30 2 41 54 88 10
15 96 56 53 1 88 10
16 82 81 26 11 88 10
17 8 84 30 88 88 10
18 81 9 33 33 88 10
19 29 10 57 75 88 10
20 48 8 97 83 88 10
21 81 25 36 24 88 10
22 89 55 83 71 88 10
23 7 87 80 37 88 10
24 89 69 34 81 88 10
25 18 12 60 10 88 10
26 47 69 91 32 88 10
27 44 39 84 63 88 10
28 15 53 94 86 88 10
29 17 72 11 82 88 10
30 31 24 95 59 88 10
31 36 90 41 90 88 10
32 92 64 92 69 88 10
33 17 72 5 6 88 10
34 99 62 30 96 88 10
35 95 79 22 85 88 10
36 5 59 91 59 88 10
37 33 42 63 32 88 10
38 17 98 89 11 88 10
39 16 6 9 79 88 10
40 55 45 78 97 88 10
41 78 97 48 42 88 10
42 73 17 27 97 88 10
43 46 17 78 44 88 10
44 81 83 94 49 88 10
45 29 70 54 35 88 10
46 81 76 51 64 88 10
47 55 85 40 99 88 10
48 12 3 84 35 88 10
49 96 88 54 66 88 10
50 65 83 48 80 88 10
51 73 62 31 97 88 10
52 90 65 78 64 88 10
53 12 36 38 97 88 10
54 38 77 42 2 88 10
55 13 25 84 73 88 10
56 16 97 46 69 88 10
57 74 73 56 75 88 10
58 21 2 5 38 88 10
59 31 99 82 49 88 10
60 71 65 82 89 88 10
61 44 37 93 62 88 10
62 24 83 60 92 88 10
63 80 19 94 6 88 10
64 68 73 89 97 88 10
65 41 91 96 44 88 10
66 15 99 14 42 88 10
67 21 34 94 58 88 10
68 97 80 80 63 88 10
69 77 41 71 22 88 10
70 87 58 3 73 88 10
71 9 27 41 68 88 10
72 80 95 93 54 88 10
73 59 7 84 42 88 10
74 94 13 6 5 88 10
75 58 25 66 50 88 10
76 92 14 14 15 88 10
77 27 57 31 16 88 10
78 68 11 70 80 88 10
79 68 13 11 24 88 10
80 64 63 65 56 88 10
81 29 66 85 96 88 10
82 66 2 88 10 88 10
83 32 9 69 41 88 10
84 94 59 99 60 88 10
85 6 42 55 60 88 10
86 91 27 98 23 88 10
87 66 55 20 58 88 10
88 93 75 90 46 88 10
89 46 63 56 65 88 10
90 100 74 41 26 88 10
91 2 5 55 41 88 10
92 90 72 58 57 88 10
93 53 16 72 34 88 10
94 22 34 6 80 88 10
95 86 58 64 47 88 10
96 44 96 75 85 88 10
97 35 40 4 82 88 10
98 92 21 79 36 88 10
99 81 6 90 92 88 10
