2 100
2576 2607
0 5 31 24 1 94 81
1 65 85 73 93 94 81
2 54 48 87 7 94 81
3 81 52 22 17 94 81
4 86 73 43 25 94 81
5 66 17 74 14 94 81
6 32 89 20 93 94 81
7 87 80 41 98 94 81
8 46 92 70 54 94 81
9 34 50 42 12 94 81
10 30 82 30 12 94 81
11 22 77 46 4 94 81
12 38 62 55 41 94 81
13 90 80 47 21 94 81
14 9 33 46 39 94 81
15 46 10 6 59 94 81
16 24 83 43 77 94 81
17 84 85 41 72 94 81
18 7 42 81 100 94 81
19 67 22 55 79 94 81
20 13 77 10 81 94 81
21 69 21 50 63 94 81
22 49 31 91 8 94 81
23 7 46 72 1 94 81
24 60 70 49 4 94 81
25 52 32 76 13 94 81
26 36 17 82 11 94 81
27 90 57 69 55 94 81
28 16 45 51 11 94 81
29 27 93 34 20 94 81
30 77 14 30 32 94 81
31 35 14 54 92 94 81
32 45 45 80 85 94 81
33 33 25 5 47 94 81
34 57 64 54 3 94 81
35 94 24 46 10 94 81
36 20 85 65 31 94 81
37 34 6 36 99 94 81
38 39 16 1 19 94 81
39 5 43 74 12 94 81
40 42 100 58 32 94 81
41 8 78 48 96 94 81
42 78 27 1 6 94 81
43 11 72 30 22 94 81
44 73 25 71 26 94 81
45 47 83 28 80 94 81
46 90 79 1 31 94 81
47 27 9 9 78 94 81
48 63 17 5 96 94 81
49 98 7 71 50 94 81
50 73 86 78 27 94 81
51 59 4 91 25 94 81
52 94 78 15 83 94 81
53 74 6 5 86 94 81
54 84 22 4 33 94 81
55 70 60 99 12 94 81
56 99 6 41 48 94 81
57 8 43 83 89 94 81
58 36 27 28 99 94 81
59 31 85 51 26 94 81
60 6 54 55 21 94 81
61 43 3 23 86 94 81
62 11 86 99 43 94 81
63 76 79 26 99 94 81
64 73 29 71 28 94 81
65 3 20 93 92 94 81
66 82 43 42 10 94 81
67 30 50 64 76 94 81
68 23 27 82 99 94 81
69 24 56 45 95 94 81
70 65 74 92 24 94 81
71 43 89 86 88 94 81
72 34 46 52 83 94 81
73 14 99 20 14 94 81
74 62 15 41 95 94 81
75 59 83 64 84 94 81
76 55 92 65 93 94 81
77 30 14 37 92 94 81
78 66 90 41 63 94 81
79 58 80 29 5 94 81
80 12 50 7 93 94 81
81 63 96 16 74 94 81
82 91 73 12 89 94 81
83 80 64 9 38 94 81
84 19 24 25 88 94 81
85 70 71 58 24 94 81
86 54 86 89 89 94 81
87 77 70 20 67 94 81
88 63 29 84 40 94 81
89 7 92 36 58 94 81
90 36 4 64 73 94 81
91 26 44 84 56 94 81
92 31 51 16 77 94 81
93 36 94 96 59 94 81
94 4 62 5 84 94 81
95 18 70 84 28 94 81
96 68 56 49 32 94 81
97 86 47 46 72 94 81
98 58 4 66 87 94 81
99 92 4 84 37 94 81
