2 100
994 1035
0 57 50 37 65 82 45
1 75 67 74 95 82 45
2 76 47 7 16 82 45
3 58 84 90 13 82 45
4 65 79 99 71 82 45
5 78 82 92 100 82 45
6 27 9 18 79 82 45
7 56 23 76 41 82 45
8 72 44 94 69 82 45
9 70 73 75 17 82 45
10 89 77 55 70 82 45
11 85 43 74 2 82 45
12 65 13 5 43 82 45
13 10 78 2 13 82 45
14 44 2 50 10 82 45
15 84 67 92 83 82 45
16 39 44 52 68 82 45
17 55 70 15 34 82 45
18 38 86 33 93 82 45
19 41 8 10 71 82 45
20 5 32 90 24 82 45
21 12 68 46 22 82 45
22 3 1 73 20 82 45
23 76 19 100 98 82 45
24 51 40 79 62 82 45
25 37 78 87 23 82 45
26 16 3 54 90 82 45
27 78 93 24 1 82 45
28 4 15 45 46 82 45
29 1 7 30 41 82 45
30 66 35 62 35 82 45
31 80 100 75 62 82 45
32 3 73 77 73 82 45
33 24 59 91 74 82 45
34 82 28 13 29 82 45
35 77 44 71 85 82 45
36 89 62 57 22 82 45
37 61 39 93 86 82 45
38 9 4 80 33 82 45
39 63 90 50 9 82 45
40 100 44 77 61 82 45
41 48 98 74 55 82 45
42 70 94 43 9 82 45
43 76 37 28 68 82 45
44 38 48 90 82 82 45
45 21 49 43 15 82 45
46 71 13 67 7 82 45
47 45 23 35 88 82 45
48 32 49 87 77 82 45
49 100 24 47 41 82 45
50 43 1 16 7 82 45
51 21 28 38 98 82 45
52 14 48 51 56 82 45
53 69 46 51 67 82 45
54 95 51 91 14 82 45
55 83 78 33 72 82 45
56 11 80 52 13 82 45
57 74 52 14 94 82 45
58 67 20 65 34 82 45
59 93 72 95 45 82 45
60 79 42 91 23 82 45
61 67 98 85 67 82 45
62 27 80 5 52 82 45
63 82 38 10 74 82 45
64 16 68 17 71 82 45
65 5 52 25 65 82 45
66 5 58 43 79 82 45
67 43 62 88 79 82 45
68 52 13 38 76 82 45
69 38 61 7 94 82 45
70 13 71 33 60 82 45
71 51 65 52 84 82 45
72 17 34 72 98 82 45
73 52 5 99 98 82 45
74 93 87 47 7 82 45
75 8 96 61 17 82 45
76 12 43 83 44 82 45
77 33 1 26 4 82 45
78 95 46 50 88 82 45
79 89 71 11 39 82 45
80 56 28 45 3 82 45
81 35 79 59 31 82 45
82 83 93 93 23 82 45
83 78 62 78 67 82 45
84 27 35 92 71 82 45
85 2 10 50 86 82 45
86 57 5 78 63 82 45
87 23 22 39 82 82 45
88 79 92 57 39 82 45
89 61 50 91 17 82 45
90 51 63 26 46 82 45
91 33 27 70 36 82 45
92 69 100 27 20 82 45
93 38 80 24 18 82 45
94 37 55 18 31 82 45
95 24 78 35 30 82 45
96 59 7 46 70 82 45
97 37 1 78 85 82 45
98 14 24 60 90 82 45
99 57 79 26 57 82 45
