2 25
1199 1000
0 4 65 75 64 -66 -47
1 97 33 94 35 98 -37
2 39 64 49 84 90 -36
3 94 92 64 31 -48 85
4 29 30 44 48 -12 -41
5 34 77 80 76 72 69
6 6 69 72 13 73 -14
7 17 93 25 56 8 -31
8 70 76 50 34 88 58
9 6 66 16 50 40 28
10 67 36 11 81 45 47
11 55 69 91 76 2 -24
12 2 93 95 9 -50 -20
13 31 59 38 56 2 4
14 50 38 21 66 -98 -26
15 64 29 91 19 -5 -68
16 49 94 53 37 -31 71
17 35 68 79 28 -51 -53
18 29 70 26 83 58 30
19 86 97 74 62 14 -77
20 7 69 35 17 -23 -5
21 51 13 35 23 -79 8
22 20 11 40 97 64 -36
23 12 61 55 16 7 13
24 53 27 67 90 -80 100
