2 25
685 435
0 97 57 10 34 56 22
1 67 83 62 23 56 22
2 91 75 65 95 56 22
3 6 62 68 55 56 22
4 16 36 74 14 56 22
5 65 40 1 13 56 22
6 90 45 51 2 56 22
7 76 55 58 38 56 22
8 69 65 4 10 56 22
9 15 95 77 33 56 22
10 46 6 93 9 56 22
11 99 15 36 6 56 22
12 76 60 8 65 56 22
13 82 67 84 34 56 22
14 28 40 97 81 56 22
15 29 57 43 8 56 22
16 3 72 41 90 56 22
17 28 93 85 20 56 22
18 12 72 39 39 56 22
19 90 51 85 22 56 22
20 80 93 56 51 56 22
21 86 20 5 7 56 22
22 16 36 1 14 56 22
23 26 41 73 31 56 22
24 98 34 46 76 56 22
