2 25
258 232
0 86 11 35 68 6 -17
1 52 50 1 22 -70 -98
2 1 81 52 15 -97 61
3 97 72 69 51 -23 17
4 73 81 22 7 86 33
5 14 52 63 62 9 -80
6 92 19 16 17 55 23
7 48 65 91 42 -65 -64
8 65 82 96 85 21 -86
9 94 21 63 43 -50 59
10 72 98 44 14 -54 74
11 62 27 39 76 -78 -34
12 63 82 77 46 46 -18
13 14 82 64 56 77 74
14 55 12 15 35 -41 -14
15 48 66 43 65 40 42
16 78 22 43 50 0 84
17 55 4 35 78 -2 71
18 59 46 25 97 85 -25
19 33 31 41 7 29 96
20 7 24 46 83 66 54
21 5 46 8 4 -81 13
22 23 56 79 44 97 -51
23 52 98 33 44 12 -1
24 17 65 88 50 5 -16
