2 25
1080 954
0 70 51 15 68 42 90
1 89 2 38 31 42 90
2 31 100 63 4 42 90
3 18 9 84 40 42 90
4 21 24 37 84 42 90
5 6 38 41 67 42 90
6 82 31 27 52 42 90
7 8 90 6 9 42 90
8 87 85 60 66 42 90
9 72 82 17 17 42 90
10 23 37 44 48 42 90
11 100 71 21 86 42 90
12 6 53 17 10 42 90
13 80 52 10 67 42 90
14 83 60 71 35 42 90
15 1 72 79 83 42 90
16 18 67 19 69 42 90
17 41 65 16 5 42 90
18 77 71 94 80 42 90
19 13 46 78 97 42 90
20 36 43 36 49 42 90
21 34 7 76 15 42 90
22 91 80 46 6 42 90
23 78 92 5 71 42 90
24 77 23 85 34 42 90
