2 25
325 266
0 63 84 91 29 42 83
1 93 28 69 47 45 32
2 94 98 65 25 1 90
3 78 42 20 58 97 6
4 78 92 100 43 3 84
5 94 72 3 58 45 76
6 88 45 19 28 71 62
7 37 100 17 10 34 83
8 89 60 14 74 26 90
9 84 80 7 69 66 69
10 1 61 35 80 73 47
11 56 69 95 33 82 30
12 66 47 29 93 16 28
13 69 55 5 61 74 58
14 97 62 70 41 86 73
15 58 77 25 21 9 60
16 12 78 92 86 4 29
17 81 79 38 79 28 94
18 39 74 38 71 91 29
19 10 24 53 71 45 29
20 99 54 29 92 73 20
21 35 54 20 88 83 4
22 85 89 18 20 92 2
23 99 74 5 29 34 72
24 22 27 80 24 27 42
