2 25
691 813
0 50 83 10 61 -3 -69
1 95 99 37 57 -44 -89
2 93 45 49 90 48 17
3 1 76 24 5 51 42
4 29 70 3 100 -79 88
5 13 56 40 99 32 68
6 66 95 39 58 -15 77
7 72 72 34 93 8 -49
8 30 42 21 51 74 31
9 67 50 11 13 -10 81
10 94 45 82 68 -57 38
11 35 42 25 50 -49 -46
12 48 85 12 94 73 34
13 23 42 79 84 29 -39
14 91 78 20 16 -47 -69
15 36 91 34 37 19 -44
16 3 17 24 45 80 -74
17 4 89 12 100 38 -39
18 67 61 75 89 69 58
19 54 72 10 90 -31 96
20 85 18 54 31 -66 6
21 79 7 54 34 -19 20
22 23 1 33 88 -38 -30
23 2 8 55 88 89 -82
24 20 39 56 85 44 12
