2 25
1216 1235
0 50 7 60 37 57 5
1 90 71 29 94 87 89
2 64 12 53 89 31 37
3 32 85 4 10 97 73
4 73 38 45 39 46 85
5 14 97 6 10 8 13
6 91 99 46 81 12 3
7 72 87 26 68 72 79
8 50 79 13 60 55 68
9 100 34 99 23 66 11
10 27 97 87 7 38 65
11 72 13 63 74 93 59
12 60 56 72 97 53 10
13 16 95 41 87 74 44
14 70 64 87 100 45 7
15 11 45 11 35 62 5
16 50 83 72 80 85 61
17 43 91 10 57 25 83
18 33 45 52 100 88 81
19 54 88 4 86 97 1
20 75 6 40 74 25 19
21 96 76 97 90 77 65
22 4 75 83 1 11 66
23 92 38 84 49 86 80
24 9 40 78 96 74 4
