2 25
681 533
0 81 99 89 1 13 91
1 62 51 17 27 23 91
2 34 100 71 45 1 24
3 84 47 99 46 59 21
4 76 70 88 77 35 75
5 14 91 81 32 71 98
6 16 32 15 78 8 88
7 75 72 31 15 87 68
8 99 97 16 23 31 21
9 4 65 59 27 44 33
10 75 39 8 44 83 12
11 30 47 38 63 95 60
12 1 13 37 70 64 88
13 64 54 13 67 35 38
14 95 12 28 60 3 76
15 32 59 79 58 88 10
16 50 53 91 34 30 94
17 48 4 37 20 96 70
18 74 72 37 3 57 30
19 79 44 70 17 7 92
20 99 9 80 9 63 35
21 32 23 28 76 66 93
22 60 35 65 39 17 41
23 70 75 2 58 39 78
24 60 100 33 78 14 7
