2 50
476 443
0 51 24 18 9 30 62
1 100 72 47 99 88 43
2 2 8 48 66 82 72
3 93 59 18 41 78 61
4 93 50 75 48 1 42
5 70 54 100 6 83 43
6 15 18 95 32 10 23
7 92 43 31 77 2 61
8 66 96 65 7 91 19
9 93 22 13 61 62 57
10 96 26 20 41 33 73
11 94 88 4 52 15 81
12 53 39 65 13 15 19
13 44 70 11 66 25 9
14 28 64 69 9 8 86
15 11 26 55 9 27 31
16 93 33 17 20 84 37
17 98 29 4 38 83 24
18 33 96 63 21 24 14
19 57 65 38 48 71 82
20 17 65 8 35 69 86
21 23 64 7 59 90 28
22 78 43 90 2 50 21
23 23 5 69 24 32 70
24 54 4 74 52 91 87
25 63 5 82 89 3 43
26 38 17 10 83 85 92
27 77 69 11 84 53 1
28 56 63 8 22 18 56
29 33 56 72 4 10 76
30 59 21 63 99 4 9
31 49 76 54 95 84 30
32 73 44 20 99 37 24
33 79 17 54 13 10 34
34 92 84 70 5 4 94
35 87 46 54 85 100 79
36 6 36 34 39 64 30
37 5 100 44 69 76 6
38 39 6 55 90 81 10
39 20 36 6 25 76 7
40 36 44 93 10 64 65
41 74 85 49 100 13 46
42 45 19 51 41 59 31
43 84 11 30 77 32 23
44 22 70 19 46 16 23
45 49 72 44 17 16 36
46 95 94 9 4 21 83
47 73 41 51 14 38 35
48 56 68 8 57 91 97
49 70 38 24 17 51 2
