2 50
2050 2213
0 68 3 19 35 18 75
1 70 34 67 59 79 36
2 19 21 39 97 10 32
3 49 13 74 58 2 49
4 41 2 28 30 75 50
5 9 71 51 100 1 2
6 90 92 97 53 30 33
7 66 34 83 93 76 40
8 93 33 11 88 47 68
9 93 40 88 36 90 34
10 8 51 6 60 4 1
11 14 47 28 89 99 70
12 17 70 36 10 72 60
13 99 99 62 93 79 86
14 65 83 65 36 23 15
15 69 1 5 14 15 76
16 57 95 70 36 38 50
17 89 68 39 49 98 33
18 55 85 20 38 64 98
19 71 80 41 83 86 57
20 87 6 80 41 17 20
21 38 94 17 33 95 64
22 78 14 88 41 4 60
23 93 74 16 12 27 56
24 71 48 33 36 55 40
25 50 41 78 67 98 72
26 24 90 91 48 45 98
27 16 20 56 6 99 92
28 13 44 32 95 96 4
29 95 65 96 82 57 68
30 29 64 5 45 67 59
31 86 50 50 48 40 73
32 88 42 41 77 37 25
33 28 47 15 99 47 38
34 71 28 96 38 56 48
35 35 51 58 8 12 52
36 87 77 90 54 61 94
37 98 41 2 17 80 26
38 62 97 51 68 24 41
39 26 45 24 72 1 83
40 17 91 97 39 90 70
41 85 95 8 55 70 51
42 20 58 63 63 57 33
43 31 33 10 90 37 39
44 84 44 95 31 71 12
45 5 8 22 14 1 51
46 8 19 79 88 77 13
47 69 53 89 47 90 92
48 25 59 4 96 2 45
49 89 43 4 100 46 26
