2 50
1982 2308
0 91 88 77 33 6 51
1 79 92 41 37 6 51
2 18 65 31 32 6 51
3 25 71 24 27 6 51
4 59 61 61 74 6 51
5 72 43 74 85 6 51
6 72 73 30 69 6 51
7 83 14 62 79 6 51
8 38 83 2 39 6 51
9 7 25 71 76 6 51
10 2 20 82 79 6 51
11 2 22 69 59 6 51
12 34 25 39 100 6 51
13 35 69 78 21 6 51
14 86 18 26 85 6 51
15 61 77 32 63 6 51
16 74 63 24 60 6 51
17 67 16 93 100 6 51
18 88 42 7 51 6 51
19 37 78 46 82 6 51
20 55 65 36 54 6 51
21 63 50 98 72 6 51
22 71 91 92 16 6 51
23 20 29 33 90 6 51
24 54 25 7 81 6 51
25 63 45 64 69 6 51
26 8 78 26 1 6 51
27 77 6 52 4 6 51
28 73 86 76 52 6 51
29 46 82 43 83 6 51
30 21 44 47 47 6 51
31 57 65 60 50 6 51
32 50 98 21 51 6 51
33 60 12 39 64 6 51
34 89 33 55 67 6 51
35 83 66 19 85 6 51
36 98 43 7 55 6 51
37 15 52 59 93 6 51
38 11 39 55 7 6 51
39 76 12 6 50 6 51
40 48 42 12 58 6 51
41 50 29 61 13 6 51
42 61 75 16 91 6 51
43 19 50 11 4 6 51
44 84 87 10 94 6 51
45 78 2 80 14 6 51
46 75 51 45 89 6 51
47 22 11 27 80 6 51
48 42 45 39 26 6 51
49 61 20 53 75 6 51
