2 50
1131 1159
0 80 13 28 85 70 91
1 65 7 37 14 -25 77
2 72 44 60 18 -16 61
3 99 32 65 56 -21 97
4 15 89 42 35 -95 80
5 90 23 82 18 95 -35
6 64 7 38 92 -14 -21
7 24 48 94 61 -93 -78
8 34 34 91 65 45 65
9 89 50 77 79 -9 -43
10 19 20 79 86 84 23
11 10 54 69 42 -1 -15
12 57 67 99 16 -61 -91
13 89 89 85 49 -64 62
14 82 3 95 25 10 9
15 94 6 11 12 -84 -80
16 76 52 75 42 -95 95
17 48 36 72 13 -29 86
18 29 35 9 65 84 -51
19 88 8 50 52 92 -91
20 10 22 86 65 -49 34
21 47 45 1 24 -65 56
22 88 7 78 43 -70 22
23 70 53 99 20 39 12
24 31 2 87 25 91 90
25 9 80 75 40 -38 90
26 76 71 31 14 -71 -47
27 64 64 17 5 -11 -23
28 23 6 7 84 -43 30
29 2 85 5 86 -74 -7
30 53 82 54 27 38 -52
31 65 23 92 73 -63 8
32 42 32 39 77 -7 -71
33 63 83 38 23 -74 76
34 29 11 90 37 -34 63
35 87 86 36 31 -45 1
36 72 32 19 99 -62 85
37 77 96 49 1 -71 -72
38 97 30 57 69 -33 11
39 62 100 38 40 10 56
40 3 91 82 4 66 28
41 48 34 42 7 28 65
42 24 80 58 58 72 -12
43 81 16 37 43 -21 79
44 19 28 6 76 23 -58
45 92 39 65 75 56 32
46 49 69 93 33 -74 -95
47 25 73 13 42 -64 -83
48 81 94 80 78 71 -74
49 76 11 38 94 -66 -95
