2 50
468 543
0 57 21 57 92 92 91
1 1 49 13 4 -77 -85
2 79 54 43 88 -26 36
3 68 51 31 1 5 -31
4 31 92 8 87 74 -96
5 93 14 49 47 -60 -56
6 68 42 58 15 -99 -38
7 16 17 94 4 90 9
8 88 76 25 53 -15 75
9 78 21 50 94 -47 -35
10 46 93 8 28 -96 98
11 63 16 90 83 42 14
12 39 76 11 27 14 99
13 30 41 84 77 -38 3
14 76 68 72 24 -17 -17
15 49 29 53 77 -47 -14
16 92 68 39 3 66 41
17 37 1 24 81 64 -47
18 63 1 61 75 27 0
19 73 54 47 69 26 -88
20 30 46 84 23 -54 59
21 96 93 78 77 -77 -77
22 24 76 70 91 49 54
23 9 43 31 88 58 73
24 75 31 84 26 -85 -2
25 12 60 39 41 -26 -63
26 29 50 2 68 17 -91
27 96 85 52 98 -91 32
28 46 99 52 97 10 37
29 63 3 62 20 74 29
30 46 71 7 91 8 -44
31 3 49 9 43 39 40
32 15 26 89 57 -76 9
33 15 44 60 39 -58 15
34 42 77 49 84 -21 43
35 37 54 31 93 74 -9
36 90 69 57 33 -69 -16
37 38 96 7 79 -85 -57
38 19 22 66 3 -17 10
39 100 24 54 4 -79 91
40 46 29 76 73 8 -51
41 4 3 47 30 -59 76
42 31 23 15 62 6 -90
43 73 23 90 36 41 78
44 2 15 34 91 -4 -77
45 30 4 75 84 -60 35
46 15 66 19 25 -4 100
47 53 71 5 83 -81 74
48 37 64 77 33 -22 86
49 99 44 43 14 64 30
