2 50
1416 1496
0 43 54 33 55 14 41
1 87 40 36 73 45 92
2 65 67 71 76 48 2
3 65 80 35 57 92 5
4 89 44 84 73 75 37
5 41 37 41 99 21 71
6 24 58 17 55 18 47
7 89 79 19 65 81 23
8 90 66 43 95 50 8
9 35 92 57 77 48 93
10 35 80 26 46 51 86
11 66 14 15 28 7 27
12 21 66 1 51 59 83
13 65 73 29 39 70 33
14 82 3 90 55 77 84
15 28 33 48 91 24 87
16 79 44 63 68 57 18
17 59 87 63 25 82 39
18 19 87 18 59 75 90
19 48 59 93 61 57 49
20 9 97 15 82 1 71
21 82 58 86 98 94 84
22 77 49 55 20 84 18
23 60 7 41 23 9 88
24 15 31 73 22 27 84
25 95 13 77 73 86 37
26 71 70 78 94 53 92
27 99 1 76 53 61 40
28 17 30 62 50 30 45
29 91 94 72 79 39 23
30 25 79 18 10 81 50
31 70 85 16 53 77 30
32 42 70 80 99 44 28
33 16 62 58 1 6 16
34 13 74 3 54 94 77
35 4 51 42 56 58 39
36 73 64 64 78 10 76
37 100 89 67 22 92 37
38 99 31 52 55 49 85
39 27 85 36 44 66 20
40 43 11 62 41 60 72
41 18 27 45 29 98 22
42 86 5 55 83 14 85
43 93 87 96 88 26 90
44 39 99 54 76 45 12
45 77 63 3 78 51 11
46 48 34 57 4 49 61
47 2 83 25 96 44 35
48 24 92 89 84 24 5
49 7 29 55 99 45 81
