2 50
1796 1844
0 16 21 80 9 -49 87
1 75 87 73 51 98 -56
2 84 58 3 64 95 -57
3 73 89 80 82 -69 -69
4 55 23 48 2 9 28
5 17 39 51 16 -84 85
6 60 7 25 35 49 7
7 39 94 38 91 -99 45
8 99 87 93 8 -57 -90
9 17 87 75 20 31 81
10 38 3 69 14 21 67
11 85 34 15 86 -25 -49
12 55 19 28 70 -78 -63
13 85 65 99 15 77 46
14 2 37 12 95 -87 -33
15 26 94 63 81 -90 35
16 24 38 79 87 -6 -58
17 67 45 80 39 -79 -91
18 14 17 68 26 -27 33
19 18 13 78 16 -79 -87
20 75 16 75 38 34 54
21 64 8 54 80 -46 -34
22 18 58 58 2 -30 -57
23 73 84 72 92 -75 84
24 90 3 88 50 -4 -70
25 86 41 4 67 -77 -72
26 14 71 55 36 -9 23
27 49 2 59 32 -56 -70
28 40 60 71 8 77 75
29 75 56 71 42 -23 -81
30 79 88 18 12 -13 -26
31 7 30 78 25 41 -80
32 83 75 46 8 77 2
33 48 49 77 94 -5 -53
34 29 44 56 47 4 47
35 30 56 71 92 59 77
36 28 23 26 35 -55 77
37 46 3 6 57 -68 38
38 82 64 88 22 -28 50
39 3 13 14 34 -2 60
40 54 18 83 31 -91 65
41 65 65 4 67 -63 -36
42 52 71 82 68 46 81
43 24 38 38 66 70 -61
44 68 55 2 28 -39 91
45 91 16 73 92 -30 -96
46 96 39 40 24 16 -42
47 60 2 20 56 80 -45
48 100 46 81 1 80 83
49 50 94 93 93 5 -15
