2 50
1444 1353
0 47 63 81 21 95 6
1 77 83 21 44 95 6
2 26 18 100 24 95 6
3 97 55 2 27 95 6
4 92 74 87 74 95 6
5 51 60 31 38 95 6
6 22 11 94 42 95 6
7 59 61 29 31 95 6
8 66 16 62 25 95 6
9 46 92 29 24 95 6
10 49 99 58 6 95 6
11 33 68 12 94 95 6
12 25 20 25 26 95 6
13 6 16 69 97 95 6
14 78 32 18 8 95 6
15 100 21 25 39 95 6
16 65 72 64 78 95 6
17 11 21 51 77 95 6
18 68 42 91 81 95 6
19 80 61 93 91 95 6
20 37 81 16 55 95 6
21 24 90 54 51 95 6
22 2 84 51 89 95 6
23 11 100 42 78 95 6
24 18 2 79 81 95 6
25 92 99 91 85 95 6
26 33 93 100 66 95 6
27 9 65 6 14 95 6
28 37 88 15 18 95 6
29 52 68 49 70 95 6
30 33 10 86 43 95 6
31 25 27 74 86 95 6
32 52 91 95 9 95 6
33 84 57 63 73 95 6
34 18 47 34 67 95 6
35 35 42 48 77 95 6
36 45 42 4 19 95 6
37 69 69 57 79 95 6
38 54 75 83 75 95 6
39 91 91 33 55 95 6
40 85 13 90 21 95 6
41 5 85 52 100 95 6
42 87 31 26 46 95 6
43 89 73 71 97 95 6
44 31 43 59 99 95 6
45 64 77 21 86 95 6
46 63 99 89 27 95 6
47 67 56 18 14 95 6
48 34 66 70 22 95 6
49 91 39 35 58 95 6
