2 50
538 494
0 21 96 20 43 27 89
1 79 2 17 58 27 89
2 58 46 22 25 27 89
3 65 62 82 23 27 89
4 50 79 60 44 27 89
5 5 29 76 15 27 89
6 100 31 59 43 27 89
7 50 95 87 88 27 89
8 47 58 82 9 27 89
9 75 83 95 32 27 89
10 16 95 75 66 27 89
11 12 81 66 70 27 89
12 96 81 39 94 27 89
13 75 43 98 74 27 89
14 5 27 68 66 27 89
15 15 80 48 73 27 89
16 41 77 94 45 27 89
17 51 73 59 94 27 89
18 81 81 77 36 27 89
19 19 95 68 87 27 89
20 20 31 16 91 27 89
21 57 69 5 34 27 89
22 32 36 91 51 27 89
23 85 41 5 26 27 89
24 41 50 66 55 27 89
25 6 24 73 97 27 89
26 41 45 86 98 27 89
27 79 30 34 11 27 89
28 45 62 71 66 27 89
29 3 28 79 15 27 89
30 2 33 12 51 27 89
31 34 7 66 47 27 89
32 96 63 18 14 27 89
33 86 86 26 21 27 89
34 85 43 9 59 27 89
35 18 55 77 26 27 89
36 20 35 7 44 27 89
37 70 1 48 22 27 89
38 60 73 37 35 27 89
39 71 98 61 3 27 89
40 1 72 4 9 27 89
41 73 53 68 88 27 89
42 51 51 30 94 27 89
43 20 61 50 11 27 89
44 52 15 10 22 27 89
45 54 27 99 34 27 89
46 65 60 35 88 27 89
47 53 65 73 88 27 89
48 47 33 74 40 27 89
49 49 30 86 49 27 89
