2 75
713 754
0 19 57 83 80 72 26
1 87 65 29 5 72 26
2 48 75 19 47 72 26
3 18 66 97 70 72 26
4 2 12 1 6 72 26
5 55 27 32 1 72 26
6 24 65 84 34 72 26
7 12 3 31 57 72 26
8 17 40 86 18 72 26
9 24 44 38 52 72 26
10 47 88 68 18 72 26
11 77 60 7 63 72 26
12 17 15 33 10 72 26
13 28 15 25 73 72 26
14 73 32 93 43 72 26
15 83 3 9 33 72 26
16 11 5 87 27 72 26
17 11 75 69 6 72 26
18 11 71 90 33 72 26
19 50 98 85 31 72 26
20 44 45 66 53 72 26
21 66 37 42 24 72 26
22 71 36 92 70 72 26
23 50 46 59 78 72 26
24 19 45 25 65 72 26
25 67 73 60 10 72 26
26 100 66 22 15 72 26
27 82 34 38 61 72 26
28 51 19 65 82 72 26
29 90 98 28 89 72 26
30 46 43 20 16 72 26
31 57 58 53 96 72 26
32 20 73 83 17 72 26
33 92 3 94 40 72 26
34 28 73 17 7 72 26
35 79 91 65 96 72 26
36 34 18 24 21 72 26
37 46 77 67 95 72 26
38 84 79 90 79 72 26
39 26 97 69 56 72 26
40 81 74 25 69 72 26
41 68 31 87 3 72 26
42 71 73 50 89 72 26
43 83 5 50 32 72 26
44 32 15 9 38 72 26
45 79 54 6 9 72 26
46 56 47 93 57 72 26
47 30 13 52 15 72 26
48 78 72 79 29 72 26
49 39 14 78 26 72 26
50 92 56 92 71 72 26
51 51 94 76 39 72 26
52 14 28 78 61 72 26
53 93 25 97 22 72 26
54 56 11 25 21 72 26
55 41 18 27 98 72 26
56 65 20 86 81 72 26
57 92 91 12 67 72 26
58 62 94 8 96 72 26
59 14 11 43 98 72 26
60 38 22 43 42 72 26
61 16 10 95 84 72 26
62 18 61 23 85 72 26
63 51 3 58 40 72 26
64 43 66 54 40 72 26
65 51 30 59 80 72 26
66 76 1 48 100 72 26
67 39 63 24 100 72 26
68 93 54 94 65 72 26
69 78 58 99 72 72 26
70 88 48 29 36 72 26
71 31 53 1 16 72 26
72 23 70 95 63 72 26
73 94 59 48 62 72 26
74 52 94 89 91 72 26
