2 75
3250 2781
0 75 24 72 19 73 82
1 47 48 6 20 5 24
2 20 89 54 40 44 52
3 46 31 90 65 3 3
4 92 15 94 64 21 49
5 5 40 38 14 100 22
6 8 4 82 26 11 33
7 51 46 18 81 35 67
8 62 40 45 68 67 7
9 33 58 81 34 92 96
10 32 91 78 50 94 87
11 96 48 17 57 92 65
12 29 18 83 30 8 39
13 51 43 41 38 66 83
14 27 96 77 74 99 30
15 50 59 32 24 42 87
16 61 41 48 85 2 1
17 20 88 89 69 97 23
18 56 74 12 72 98 61
19 44 63 45 83 40 97
20 19 29 60 69 85 82
21 2 29 54 12 60 75
22 35 58 80 12 88 19
23 37 83 29 39 86 71
24 41 8 13 94 29 60
25 98 74 36 77 67 64
26 17 40 25 75 16 88
27 29 70 93 77 81 20
28 24 4 83 37 91 17
29 12 16 95 49 35 90
30 82 80 84 63 46 22
31 43 98 23 34 79 97
32 36 3 70 34 27 64
33 19 22 57 11 46 47
34 40 16 67 85 55 55
35 77 75 86 48 61 53
36 66 96 50 2 95 7
37 16 70 35 97 32 32
38 59 49 45 50 54 41
39 10 64 19 91 86 46
40 51 80 40 22 9 81
41 81 39 33 8 68 30
42 62 88 1 8 21 57
43 51 84 27 98 27 50
44 10 88 61 94 73 59
45 53 1 34 27 6 81
46 77 65 85 41 77 41
47 99 85 59 37 45 34
48 10 68 48 3 29 31
49 86 17 23 31 57 83
50 70 89 18 96 67 100
51 63 18 6 90 30 32
52 97 87 79 2 65 40
53 29 89 93 69 14 48
54 92 64 78 21 24 63
55 91 89 24 8 60 6
56 83 67 91 11 15 63
57 86 45 17 17 21 86
58 73 49 73 25 68 94
59 94 93 74 76 7 40
60 7 50 71 7 8 32
61 78 90 30 61 75 8
62 26 88 82 41 96 11
63 22 8 5 44 77 10
64 15 77 14 24 99 81
65 93 73 25 75 35 16
66 59 22 5 41 10 44
67 27 60 50 60 37 84
68 96 30 98 2 81 69
69 87 32 77 61 87 12
70 5 61 64 60 69 53
71 57 70 15 49 96 72
72 78 26 16 39 83 2
73 13 22 59 52 99 47
74 42 49 5 8 79 73
