2 75
1937 1954
0 27 71 73 24 75 -95
1 49 45 10 78 -38 23
2 27 43 79 14 74 0
3 99 24 37 50 58 57
4 90 84 8 5 42 -17
5 50 17 83 97 -66 -5
6 74 51 20 47 -24 -12
7 99 2 47 25 25 -67
8 68 53 45 61 2 21
9 40 47 40 9 -49 13
10 13 52 60 93 44 -48
11 10 74 56 27 -17 -6
12 8 83 21 64 27 -82
13 32 38 96 95 -63 -45
14 1 74 70 64 12 35
15 54 48 33 35 63 -5
16 43 85 65 90 -94 95
17 60 50 41 21 6 33
18 83 98 71 87 -92 21
19 49 81 62 59 -32 78
20 34 90 87 81 -78 40
21 80 85 49 34 -12 35
22 74 24 5 17 -31 93
23 55 5 7 28 79 59
24 55 68 76 46 91 47
25 73 5 21 100 78 -63
26 31 48 16 9 33 -86
27 71 49 51 1 -6 35
28 50 86 75 82 -2 73
29 80 81 96 54 -32 -70
30 53 55 85 67 13 -56
31 5 98 68 90 -19 46
32 54 26 51 85 92 15
33 83 79 31 1 7 12
34 21 65 100 63 -8 -92
35 86 80 34 19 -76 42
36 69 78 98 28 -51 100
37 46 9 36 73 67 69
38 80 35 69 4 65 26
39 82 61 35 88 -95 -79
40 77 7 74 18 95 -18
41 53 59 31 34 93 24
42 11 4 92 90 42 67
43 24 87 79 55 8 11
44 78 14 16 1 -2 3
45 70 78 67 78 -24 -87
46 64 4 84 31 -94 -56
47 59 5 49 89 -61 88
48 17 40 77 77 -75 44
49 78 63 30 23 -45 -44
50 50 26 20 48 37 -59
51 27 40 18 42 64 17
52 64 84 17 75 89 -70
53 78 2 53 84 49 -77
54 92 54 47 94 -80 61
55 69 99 21 22 -61 48
56 72 58 100 43 -64 -37
57 77 93 40 85 29 65
58 36 73 91 82 31 -56
59 74 42 13 26 92 -42
60 51 47 63 42 60 82
61 41 89 37 99 69 -74
62 75 50 51 22 49 5
63 95 44 80 69 -99 36
64 69 18 76 65 -64 63
65 40 28 23 32 -64 -21
66 25 26 89 36 -82 18
67 21 47 93 57 -25 -67
68 57 92 30 11 0 -91
69 60 9 38 2 -79 -59
70 3 43 7 100 -71 20
71 40 65 49 55 100 62
72 22 48 7 77 -15 41
73 77 35 35 50 87 47
74 52 54 60 80 -10 -84
