2 75
1939 1890
0 75 8 59 29 41 52
1 24 82 74 81 89 8
2 30 83 97 2 51 69
3 96 85 1 84 54 5
4 8 85 18 72 9 45
5 86 16 27 15 28 17
6 47 88 32 65 84 50
7 65 65 23 63 63 59
8 79 76 86 13 24 10
9 56 23 21 65 26 48
10 80 29 94 56 9 84
11 37 41 65 32 100 72
12 1 14 52 66 45 14
13 15 90 68 31 13 88
14 28 21 32 29 66 90
15 35 63 73 42 88 19
16 56 94 73 23 68 42
17 36 38 96 13 39 72
18 18 100 94 81 51 8
19 70 99 57 84 65 9
20 66 66 65 81 64 9
21 60 44 15 94 89 47
22 99 15 91 43 24 64
23 39 7 70 21 77 33
24 74 68 49 54 69 94
25 71 3 43 85 45 1
26 63 59 2 34 75 37
27 16 28 1 47 30 15
28 51 46 52 68 7 74
29 37 15 46 18 47 10
30 70 8 78 99 64 58
31 95 98 33 42 95 50
32 97 75 31 95 80 32
33 36 31 89 83 68 55
34 99 85 24 52 89 72
35 81 47 51 30 6 72
36 50 61 86 74 84 17
37 57 18 34 24 29 26
38 11 40 26 97 45 15
39 34 65 39 30 70 3
40 9 46 93 35 40 40
41 42 69 25 9 80 76
42 60 60 59 79 8 66
43 67 56 95 56 74 96
44 20 52 98 46 9 17
45 18 28 5 46 56 48
46 32 67 7 4 28 76
47 22 75 40 31 82 56
48 49 18 57 27 10 40
49 99 89 62 100 100 17
50 12 2 86 80 15 75
51 57 63 75 2 54 69
52 9 88 28 33 42 50
53 13 83 95 72 45 61
54 90 50 50 88 10 33
55 24 29 26 70 46 25
56 78 39 56 80 17 29
57 52 14 100 53 11 45
58 25 74 43 31 70 55
59 93 55 46 7 94 9
60 25 35 61 56 54 64
61 33 26 94 86 51 51
62 98 40 66 54 8 40
63 23 32 73 2 95 60
64 64 84 12 44 64 46
65 82 38 18 90 13 82
66 50 16 56 15 71 95
67 59 99 91 11 21 100
68 4 1 71 32 47 94
69 97 86 66 57 77 62
70 15 4 66 72 58 43
71 17 92 89 54 36 99
72 48 82 44 36 43 84
73 77 39 28 42 85 33
74 10 68 96 64 42 30
