2 75
3008 2744
0 48 72 47 62 75 66
1 23 13 4 22 75 66
2 37 66 90 60 75 66
3 67 17 81 33 75 66
4 38 37 22 74 75 66
5 51 91 71 25 75 66
6 69 42 45 87 75 66
7 37 8 76 3 75 66
8 30 39 11 1 75 66
9 85 13 58 41 75 66
10 38 50 59 3 75 66
11 70 91 16 51 75 66
12 64 42 79 26 75 66
13 24 43 87 68 75 66
14 46 3 6 23 75 66
15 100 76 100 53 75 66
16 40 19 79 7 75 66
17 15 13 77 32 75 66
18 57 67 44 15 75 66
19 20 3 46 93 75 66
20 58 31 98 100 75 66
21 20 35 85 67 75 66
22 82 52 13 85 75 66
23 9 77 28 78 75 66
24 23 7 18 21 75 66
25 48 69 24 86 75 66
26 8 45 70 60 75 66
27 21 98 34 5 75 66
28 98 83 88 19 75 66
29 1 58 18 80 75 66
30 94 90 92 75 75 66
31 66 85 94 64 75 66
32 92 58 55 51 75 66
33 45 90 98 75 75 66
34 68 48 71 42 75 66
35 45 60 26 23 75 66
36 46 13 27 22 75 66
37 54 58 59 37 75 66
38 39 30 32 28 75 66
39 54 22 3 62 75 66
40 3 60 56 22 75 66
41 69 2 42 6 75 66
42 6 46 80 91 75 66
43 1 41 12 61 75 66
44 85 39 87 22 75 66
45 24 74 8 7 75 66
46 9 67 16 35 75 66
47 76 93 98 84 75 66
48 73 94 95 85 75 66
49 32 92 32 5 75 66
50 100 86 26 75 75 66
51 12 59 22 5 75 66
52 52 37 9 2 75 66
53 82 22 17 90 75 66
54 100 66 53 52 75 66
55 31 36 49 89 75 66
56 80 27 18 14 75 66
57 67 14 57 98 75 66
58 76 96 38 39 75 66
59 81 41 33 22 75 66
60 4 24 79 14 75 66
61 95 17 30 16 75 66
62 18 100 48 30 75 66
63 82 66 64 30 75 66
64 77 20 54 93 75 66
65 81 8 62 28 75 66
66 68 58 99 22 75 66
67 88 89 73 46 75 66
68 81 74 61 96 75 66
69 96 34 61 98 75 66
70 97 64 42 23 75 66
71 36 14 75 67 75 66
72 73 11 61 37 75 66
73 89 90 69 2 75 66
74 60 85 43 65 75 66
