2 75
818 795
0 51 99 75 49 -87 -72
1 63 57 36 90 -50 -39
2 45 56 60 100 41 -53
3 59 43 77 52 -54 82
4 47 28 73 99 16 -6
5 53 18 98 80 99 -75
6 25 65 79 78 -49 24
7 33 7 38 17 -77 76
8 59 35 22 99 52 -9
9 56 9 83 69 -47 -20
10 27 54 78 46 76 -40
11 11 54 39 51 -87 -19
12 1 41 56 43 -3 34
13 31 75 27 59 -57 -30
14 73 88 38 96 -55 -75
15 89 64 57 93 41 36
16 36 13 82 33 -86 78
17 9 79 36 36 -32 21
18 19 51 66 66 15 -99
19 74 52 89 5 -6 29
20 65 51 21 17 -15 -8
21 58 6 8 53 58 62
22 47 64 44 73 -47 89
23 98 80 92 67 21 23
24 24 62 86 88 14 26
25 10 20 63 10 -52 73
26 48 35 15 30 -46 1
27 91 82 58 49 62 -38
28 24 82 96 36 -11 -73
29 21 61 37 50 -49 -91
30 10 24 34 84 -78 -99
31 32 94 81 35 45 -98
32 28 24 32 62 -5 -9
33 57 78 86 10 -99 -31
34 84 78 80 87 -99 14
35 80 70 94 41 -49 41
36 2 83 7 44 69 45
37 17 76 44 44 96 -45
38 92 12 49 83 -70 56
39 48 6 70 35 92 22
40 34 11 53 79 100 99
41 78 53 50 2 32 31
42 73 7 74 12 46 15
43 37 60 27 65 59 -60
44 11 42 67 4 -6 -54
45 66 64 64 27 -41 82
46 99 80 72 63 5 -81
47 32 23 96 34 46 73
48 61 78 48 69 37 -55
49 18 67 23 16 -98 85
50 6 28 57 36 -67 -82
51 97 75 90 8 21 -52
52 52 84 100 61 90 76
53 9 69 31 31 -46 42
54 23 49 80 44 -70 -19
55 95 25 90 64 -10 -35
56 6 84 37 76 -59 -63
57 2 94 1 56 -55 -82
58 48 17 72 50 62 11
59 71 87 8 8 93 -41
60 21 93 12 100 -69 -58
61 40 57 31 36 77 36
62 2 64 89 88 -7 6
63 8 44 71 94 67 -29
64 55 34 85 19 72 -92
65 99 76 69 60 79 28
66 46 73 38 96 83 -94
67 61 78 38 17 -41 -1
68 12 12 26 72 -76 -5
69 78 92 39 52 1 -96
70 51 74 61 15 -87 38
71 36 71 68 40 -83 -55
72 47 36 29 74 12 48
73 45 63 96 82 54 92
74 70 50 43 67 100 93
