2 75
712 717
0 4 15 87 52 3 9
1 85 26 93 28 28 11
2 8 36 93 97 61 4
3 5 58 55 23 73 12
4 40 4 84 1 31 28
5 61 4 15 3 47 78
6 31 44 73 86 33 7
7 21 44 17 8 20 85
8 87 21 53 2 59 2
9 90 38 39 14 18 46
10 49 2 40 39 92 11
11 87 14 92 32 61 86
12 29 17 92 97 43 84
13 16 15 36 42 36 52
14 7 9 2 68 1 26
15 69 12 79 59 62 96
16 74 96 20 21 33 55
17 7 24 18 46 65 84
18 73 37 50 35 43 40
19 92 70 1 66 99 70
20 69 98 51 81 3 15
21 36 56 43 21 75 8
22 90 99 89 21 53 75
23 26 78 98 59 25 93
24 69 46 11 47 47 3
25 79 17 9 68 43 78
26 94 99 24 22 74 19
27 28 2 7 58 57 54
28 4 92 40 72 96 98
29 63 79 34 15 92 5
30 4 52 92 80 4 45
31 49 2 7 100 62 47
32 56 79 42 14 96 99
33 92 30 3 73 82 70
34 25 80 70 14 50 50
35 17 99 36 80 71 44
36 38 55 89 68 8 93
37 26 63 6 23 80 27
38 62 27 59 73 80 25
39 88 87 7 74 90 99
40 23 61 10 60 28 20
41 39 90 7 73 41 99
42 57 57 92 27 7 91
43 36 57 83 15 68 74
44 57 83 9 74 87 72
45 57 78 66 2 24 52
46 28 66 4 8 79 56
47 68 46 98 48 44 16
48 50 19 59 29 63 75
49 64 5 83 91 23 26
50 87 42 99 10 33 37
51 66 26 15 25 2 88
52 57 74 97 81 46 6
53 7 15 40 51 36 45
54 20 20 36 85 1 82
55 8 26 9 7 54 80
56 17 10 21 63 48 72
57 75 34 6 42 75 48
58 85 40 8 97 29 23
59 66 49 90 66 72 45
60 22 99 34 37 50 32
61 72 5 92 98 30 44
62 29 61 17 53 50 77
63 66 99 35 28 35 80
64 85 57 2 50 8 70
65 25 93 53 97 97 57
66 84 82 63 84 82 78
67 6 58 73 2 66 31
68 2 55 93 2 63 38
69 31 57 25 7 51 87
70 22 17 63 95 66 81
71 27 76 74 23 28 42
72 3 17 19 20 59 55
73 26 2 56 68 77 96
74 16 60 78 88 78 13
