2 75
3217 3019
0 84 52 96 54 -87 -31
1 87 92 68 32 47 -12
2 11 99 100 61 36 62
3 83 60 78 8 -78 -67
4 95 85 18 40 33 -23
5 42 19 38 9 -96 18
6 18 83 57 14 93 80
7 2 10 31 47 -5 94
8 68 13 37 25 19 -40
9 95 71 26 98 44 25
10 6 86 56 75 -79 -51
11 3 35 57 100 -2 -84
12 62 62 15 14 -37 -28
13 57 66 45 56 66 -36
14 93 52 95 90 12 -48
15 49 39 64 86 -99 48
16 57 79 26 29 -29 61
17 4 82 1 6 55 -41
18 96 17 51 92 -32 -31
19 35 52 22 79 -47 82
20 65 70 71 79 -12 83
21 75 83 94 89 6 -34
22 33 38 45 64 -20 -97
23 39 72 64 50 0 -57
24 99 68 29 80 22 87
25 7 71 34 80 77 38
26 27 48 66 32 67 58
27 71 83 13 24 13 -36
28 39 54 82 21 -11 23
29 76 96 14 87 93 91
30 34 75 44 42 91 -50
31 58 42 52 10 97 63
32 37 42 28 99 -62 84
33 8 53 10 62 -23 -52
34 84 30 33 89 51 -45
35 77 7 3 73 94 -49
36 74 27 56 7 -58 72
37 100 9 15 70 43 -14
38 94 33 28 99 69 -1
39 70 19 56 72 15 -5
40 94 64 51 96 98 56
41 100 97 63 7 -64 -73
42 80 5 61 58 -70 -46
43 8 5 37 77 -7 92
44 36 70 82 22 -23 38
45 78 2 74 77 46 12
46 4 64 15 5 -85 -7
47 91 19 5 52 -63 57
48 21 41 82 83 -97 -40
49 46 36 22 80 -94 -88
50 47 77 71 46 97 20
51 52 18 78 7 77 -74
52 69 40 77 4 -86 -41
53 32 79 24 93 -75 -71
54 76 11 27 89 16 49
55 35 76 9 37 -13 32
56 96 48 30 64 -18 -92
57 34 75 57 66 51 10
58 37 39 34 58 6 -95
59 57 49 5 64 7 -37
60 92 100 90 98 74 -34
61 59 97 52 76 -15 -23
62 82 80 67 40 -27 3
63 95 56 2 51 -92 -76
64 54 16 5 17 40 -60
65 39 63 83 1 33 -26
66 31 10 24 17 -53 43
67 64 75 74 1 63 59
68 65 87 41 27 -78 -64
69 49 62 100 37 40 51
70 11 64 71 15 92 58
71 3 66 73 8 62 -70
72 5 33 1 25 -24 81
73 39 96 44 10 -67 37
74 94 28 45 22 47 -29
