2 75
1816 1996
0 72 69 93 79 99 63
1 10 14 15 36 99 63
2 12 29 33 36 99 63
3 38 99 39 83 99 63
4 20 93 77 49 99 63
5 79 24 85 78 99 63
6 39 64 35 100 99 63
7 15 17 57 20 99 63
8 84 80 87 63 99 63
9 83 13 24 87 99 63
10 96 34 35 6 99 63
11 12 14 20 71 99 63
12 77 75 96 17 99 63
13 55 99 86 75 99 63
14 82 84 54 95 99 63
15 48 33 69 69 99 63
16 56 59 85 44 99 63
17 90 61 74 41 99 63
18 1 20 39 7 99 63
19 45 9 81 2 99 63
20 47 45 77 46 99 63
21 22 49 72 22 99 63
22 66 50 46 33 99 63
23 37 21 19 85 99 63
24 28 11 52 82 99 63
25 46 95 80 4 99 63
26 42 56 66 53 99 63
27 29 54 91 42 99 63
28 69 19 28 46 99 63
29 59 97 10 79 99 63
30 54 65 8 66 99 63
31 32 37 51 23 99 63
32 52 40 91 83 99 63
33 92 9 10 27 99 63
34 75 31 59 67 99 63
35 48 38 48 67 99 63
36 24 97 24 26 99 63
37 31 18 2 95 99 63
38 40 79 94 79 99 63
39 13 28 24 37 99 63
40 21 21 81 93 99 63
41 63 71 40 40 99 63
42 24 42 48 55 99 63
43 52 47 95 87 99 63
44 71 100 57 32 99 63
45 84 74 32 42 99 63
46 87 8 24 76 99 63
47 16 94 38 21 99 63
48 23 13 8 71 99 63
49 11 87 69 13 99 63
50 17 83 48 20 99 63
51 74 11 28 16 99 63
52 53 5 49 40 99 63
53 17 95 25 67 99 63
54 73 2 85 13 99 63
55 38 78 17 23 99 63
56 66 46 88 79 99 63
57 55 84 82 98 99 63
58 2 67 67 58 99 63
59 11 11 67 99 99 63
60 82 65 46 35 99 63
61 17 70 96 60 99 63
62 68 10 87 77 99 63
63 62 58 36 19 99 63
64 43 18 83 22 99 63
65 54 76 13 75 99 63
66 14 41 50 69 99 63
67 26 36 6 17 99 63
68 94 12 21 85 99 63
69 55 7 47 93 99 63
70 84 71 47 66 99 63
71 95 40 4 4 99 63
72 42 59 50 78 99 63
73 66 9 12 57 99 63
74 54 92 7 72 99 63
