3 100
2535 2407 2418
0 48 8 34 62 75 80 16 -86 -75 53 -49 -59
1 45 22 67 50 21 69 60 -36 28 -1 -45 -40
2 16 70 24 10 77 18 -92 -2 4 48 88 -80
3 52 91 26 86 6 18 -95 -69 24 -41 50 86
4 3 95 83 49 38 27 -68 -63 -47 -9 65 -36
5 44 19 34 88 2 24 24 -30 -66 -4 97 7
6 76 30 39 81 78 46 40 13 -34 9 -1 36
7 86 98 49 82 35 64 3 26 -15 11 48 -65
8 57 25 32 56 29 45 -11 82 -21 80 -26 78
9 26 31 63 28 15 98 8 97 25 -17 85 -77
10 59 97 19 11 72 76 29 9 3 -72 -23 -87
11 10 44 74 56 75 4 39 67 -13 -64 -1 -4
12 40 60 72 45 39 63 98 -82 -78 14 93 15
13 97 68 79 89 8 68 14 94 -4 3 44 80
14 70 64 100 90 49 7 53 -91 -94 -25 70 -66
15 71 68 45 9 30 91 78 -9 78 -78 70 -46
16 45 75 44 31 40 52 -23 16 -17 57 39 -59
17 83 69 23 23 74 62 -81 -78 -16 -77 -21 11
18 27 60 75 74 64 75 42 -36 -14 55 -66 9
19 77 25 53 77 52 15 -31 -97 -37 27 52 -11
20 77 21 39 13 29 96 72 -72 -3 -50 77 -52
21 78 62 1 61 49 47 -63 79 23 -7 -60 91
22 86 25 49 98 43 37 -42 71 64 67 -32 -42
23 71 76 74 96 51 57 -76 -31 -40 -23 -37 55
24 59 19 56 66 15 62 61 80 -76 39 38 83
25 84 6 36 14 56 1 83 -36 7 36 -80 29
26 22 62 11 8 81 78 49 3 61 12 -34 59
27 13 42 93 26 4 63 -87 25 -64 -5 -19 -28
28 16 46 17 62 97 4 76 39 48 -14 -51 -46
29 89 4 89 80 71 69 71 96 -31 40 34 27
30 49 100 23 39 2 48 42 34 44 60 -43 -22
31 90 1 8 26 81 36 1 0 4 35 80 -43
32 80 77 95 65 16 99 -21 -1 46 -95 -72 48
33 1 15 19 42 68 90 34 -34 26 86 39 99
34 4 70 50 70 45 49 97 -28 -85 50 94 49
35 47 56 26 41 25 24 -19 -96 -36 -25 7 -77
36 29 19 89 6 71 34 -20 0 -79 -61 3 100
37 56 74 40 33 62 82 95 96 -18 -78 73 -79
38 39 78 5 46 31 44 -83 -18 -51 -82 -86 49
39 92 59 19 20 76 36 7 -62 90 69 -6 -29
40 79 86 20 62 11 42 -20 4 45 -11 -89 -59
41 7 38 39 32 13 93 8 -44 80 -25 -92 67
42 9 40 69 81 56 28 -3 96 -9 35 68 40
43 7 39 53 78 42 6 -58 46 28 29 88 77
44 41 90 80 76 68 97 -63 -30 -78 -59 -32 36
45 65 94 81 96 41 29 -39 -4 68 28 -93 -69
46 75 59 83 8 16 12 -63 -24 57 -76 9 -69
47 2 59 75 1 51 6 -22 98 -77 14 6 -12
48 18 84 12 39 68 98 57 48 77 -94 23 68
49 90 85 24 43 61 59 -9 32 -4 -97 33 -10
50 62 2 4 53 82 11 99 -21 -59 84 -3 -34
51 61 16 62 8 26 75 -26 -49 86 -75 80 -33
52 17 81 54 22 39 31 78 35 -90 -25 -38 88
53 67 10 32 75 62 40 29 -85 -73 -78 -67 14
54 13 26 11 9 23 11 -21 94 26 -91 41 -83
55 74 9 3 65 95 60 9 87 42 12 -60 -53
56 78 17 52 59 25 98 1 -79 10 -22 100 98
57 80 7 67 16 31 35 85 -5 34 -21 85 -51
58 33 20 10 36 77 60 -81 -61 46 -68 -85 23
59 46 45 4 76 35 9 70 59 -25 -6 77 -19
60 7 5 31 29 86 42 81 -82 -62 15 -72 -7
61 75 15 59 14 26 95 74 48 91 96 -17 -94
62 75 83 23 77 44 45 -36 -69 73 28 28 19
63 96 2 60 4 26 17 -58 -63 -94 65 86 -26
64 85 19 19 77 27 68 98 94 1 52 84 70
65 29 26 28 63 60 24 71 -26 -62 27 -97 22
66 26 59 99 31 84 79 -15 31 29 -8 -1 51
67 73 9 15 38 74 3 -15 -71 -63 -76 -23 -93
68 54 58 11 82 37 81 -35 -75 0 -98 46 -24
69 51 76 63 60 10 26 -12 -68 -98 4 55 -36
70 67 72 100 41 94 66 86 88 -51 7 96 18
71 60 71 93 100 68 30 46 -12 19 -21 -90 75
72 24 26 42 75 89 32 49 23 4 38 12 -18
73 68 46 60 96 44 74 56 -75 -64 81 -99 -83
74 59 92 41 13 100 35 -9 52 3 87 -31 48
75 49 93 29 94 41 91 -86 -73 -94 -89 -94 -47
76 66 69 63 83 43 89 -75 -79 98 31 -68 13
77 9 85 15 22 31 15 65 43 -50 94 -17 20
78 36 74 25 47 63 4 36 79 -3 60 30 -92
79 46 58 99 54 71 44 32 81 -29 83 96 31
80 100 89 94 21 88 61 35 -16 21 -90 -34 92
81 96 83 48 88 58 91 77 94 95 87 -88 -26
82 56 48 35 43 69 34 -42 34 80 -37 47 43
83 88 85 32 89 64 14 38 27 17 -21 1 -95
84 50 8 15 99 32 29 85 -13 78 -39 27 -49
85 50 38 62 81 68 2 78 23 -66 -75 -12 -74
86 69 54 26 6 37 96 -56 -23 -87 -21 88 -61
87 61 32 23 33 81 36 43 -44 28 -71 29 -16
88 95 15 79 26 49 55 60 20 -26 53 -86 18
89 99 84 87 15 19 55 -3 -80 91 36 82 19
90 27 73 56 11 89 39 4 -39 -93 -62 -10 -1
91 19 15 76 5 1 21 98 -5 -85 25 42 -8
92 6 9 6 37 48 40 5 68 43 99 19 -26
93 30 36 87 77 95 43 -65 -60 -59 83 -96 12
94 37 95 76 7 81 56 -10 -63 -60 -90 -52 67
95 69 64 84 47 51 22 -57 82 26 79 78 22
96 31 47 29 2 55 12 15 36 -98 57 5 0
97 93 40 64 50 82 32 27 82 2 94 -21 52
98 14 82 15 30 3 94 -64 -33 38 2 30 -9
99 38 98 75 3 16 87 -39 -41 39 -60 69 -74
