3 100
2596 2577 2445
0 33 81 67 74 75 37 72 72 38 38 68 68
1 12 14 66 46 67 93 72 72 38 38 68 68
2 78 82 27 10 44 10 72 72 38 38 68 68
3 12 37 58 77 5 79 72 72 38 38 68 68
4 75 58 33 42 12 23 72 72 38 38 68 68
5 44 96 35 21 66 4 72 72 38 38 68 68
6 6 66 83 90 3 87 72 72 38 38 68 68
7 3 53 67 60 84 57 72 72 38 38 68 68
8 43 48 25 21 29 95 72 72 38 38 68 68
9 86 18 77 20 53 35 72 72 38 38 68 68
10 68 80 65 89 26 28 72 72 38 38 68 68
11 43 57 4 83 41 19 72 72 38 38 68 68
12 60 68 74 60 23 70 72 72 38 38 68 68
13 91 89 40 26 53 86 72 72 38 38 68 68
14 68 63 37 40 2 8 72 72 38 38 68 68
15 92 82 20 80 63 89 72 72 38 38 68 68
16 10 77 56 89 68 36 72 72 38 38 68 68
17 33 14 42 50 90 1 72 72 38 38 68 68
18 81 21 55 35 86 86 72 72 38 38 68 68
19 48 94 45 47 16 27 72 72 38 38 68 68
20 8 41 64 14 53 61 72 72 38 38 68 68
21 6 82 29 75 59 19 72 72 38 38 68 68
22 5 59 16 26 68 78 72 72 38 38 68 68
23 1 22 95 19 98 13 72 72 38 38 68 68
24 40 56 70 45 73 32 72 72 38 38 68 68
25 66 84 60 100 57 68 72 72 38 38 68 68
26 63 81 3 40 53 70 72 72 38 38 68 68
27 45 85 87 13 37 69 72 72 38 38 68 68
28 39 89 59 86 37 85 72 72 38 38 68 68
29 92 2 100 61 42 9 72 72 38 38 68 68
30 93 6 95 36 81 82 72 72 38 38 68 68
31 47 69 14 52 34 21 72 72 38 38 68 68
32 82 39 33 40 64 37 72 72 38 38 68 68
33 23 84 82 46 95 76 72 72 38 38 68 68
34 8 22 79 91 87 74 72 72 38 38 68 68
35 40 55 42 68 36 14 72 72 38 38 68 68
36 53 3 89 4 88 73 72 72 38 38 68 68
37 90 3 69 14 24 50 72 72 38 38 68 68
38 67 77 34 86 54 1 72 72 38 38 68 68
39 28 52 59 34 1 31 72 72 38 38 68 68
40 92 49 81 92 98 100 72 72 38 38 68 68
41 39 94 40 52 81 90 72 72 38 38 68 68
42 16 44 50 44 77 72 72 72 38 38 68 68
43 32 85 82 34 66 74 72 72 38 38 68 68
44 9 59 7 43 1 88 72 72 38 38 68 68
45 76 65 62 79 22 19 72 72 38 38 68 68
46 42 35 33 89 75 99 72 72 38 38 68 68
47 46 77 19 86 37 34 72 72 38 38 68 68
48 14 80 58 30 22 52 72 72 38 38 68 68
49 93 73 14 91 36 36 72 72 38 38 68 68
50 72 99 68 92 64 94 72 72 38 38 68 68
51 81 26 93 52 94 16 72 72 38 38 68 68
52 35 65 16 42 3 44 72 72 38 38 68 68
53 45 79 81 24 4 32 72 72 38 38 68 68
54 40 88 43 14 9 62 72 72 38 38 68 68
55 19 25 78 45 35 34 72 72 38 38 68 68
56 69 48 79 62 77 32 72 72 38 38 68 68
57 41 87 67 82 77 51 72 72 38 38 68 68
58 61 1 84 40 84 18 72 72 38 38 68 68
59 98 81 28 26 89 44 72 72 38 38 68 68
60 31 37 44 55 21 5 72 72 38 38 68 68
61 85 64 86 32 64 81 72 72 38 38 68 68
62 42 16 95 47 70 18 72 72 38 38 68 68
63 46 28 36 94 77 19 72 72 38 38 68 68
64 81 5 55 37 57 28 72 72 38 38 68 68
65 28 38 75 87 97 43 72 72 38 38 68 68
66 79 30 24 13 49 23 72 72 38 38 68 68
67 40 74 73 29 37 91 72 72 38 38 68 68
68 57 13 87 52 76 59 72 72 38 38 68 68
69 56 76 33 46 71 60 72 72 38 38 68 68
70 71 50 98 60 60 49 72 72 38 38 68 68
71 34 20 21 56 29 56 72 72 38 38 68 68
72 8 5 23 83 47 12 72 72 38 38 68 68
73 63 22 70 99 21 92 72 72 38 38 68 68
74 57 62 70 8 55 62 72 72 38 38 68 68
75 63 20 35 98 59 96 72 72 38 38 68 68
76 94 39 81 91 59 91 72 72 38 38 68 68
77 67 43 24 15 72 6 72 72 38 38 68 68
78 42 82 60 34 23 27 72 72 38 38 68 68
79 57 4 43 30 85 88 72 72 38 38 68 68
80 35 31 22 27 69 30 72 72 38 38 68 68
81 34 82 57 64 21 17 72 72 38 38 68 68
82 23 40 92 62 73 77 72 72 38 38 68 68
83 100 50 72 27 85 1 72 72 38 38 68 68
84 97 65 15 98 8 98 72 72 38 38 68 68
85 30 43 25 100 73 28 72 72 38 38 68 68
86 68 6 81 52 12 81 72 72 38 38 68 68
87 26 14 77 38 24 72 72 72 38 38 68 68
88 39 75 40 33 77 13 72 72 38 38 68 68
89 76 64 22 15 84 3 72 72 38 38 68 68
90 78 82 38 2 81 38 72 72 38 38 68 68
91 70 22 87 51 51 54 72 72 38 38 68 68
92 34 91 13 27 35 20 72 72 38 38 68 68
93 42 18 90 80 82 40 72 72 38 38 68 68
94 95 32 9 57 78 51 72 72 38 38 68 68
95 14 27 13 65 30 100 72 72 38 38 68 68
96 100 76 30 65 55 27 72 72 38 38 68 68
97 72 70 13 22 7 9 72 72 38 38 68 68
98 15 41 80 56 62 7 72 72 38 38 68 68
99 40 67 33 19 4 94 72 72 38 38 68 68
