3 100
983 985 869
0 34 19 76 26 1 48 91 3 95 29 30 37
1 61 21 1 12 64 29 42 26 100 45 48 63
2 76 18 36 54 91 66 58 35 27 19 67 22
3 40 63 5 60 81 2 38 67 99 74 59 21
4 78 86 30 81 25 6 81 93 69 61 55 36
5 75 24 41 83 60 29 63 10 91 35 17 68
6 56 53 52 34 38 41 86 21 58 81 97 3
7 18 99 92 46 94 15 28 64 58 32 38 20
8 9 95 66 12 90 77 59 51 91 71 6 6
9 31 36 52 28 55 8 51 68 32 14 87 83
10 83 30 3 43 97 96 5 46 31 30 32 98
11 38 1 77 11 68 88 80 59 27 8 19 52
12 59 84 99 37 42 46 41 91 54 8 3 37
13 55 93 15 49 96 36 20 47 91 98 19 71
14 37 99 68 94 93 33 96 95 92 58 20 86
15 3 96 85 22 61 6 61 7 3 9 27 74
16 88 67 49 22 28 4 59 50 37 37 86 99
17 85 79 2 63 3 81 72 38 27 27 16 40
18 54 23 5 25 75 53 30 6 60 42 2 93
19 8 19 67 16 79 47 27 11 70 8 85 70
20 68 20 26 70 96 62 69 15 45 23 11 41
21 21 26 73 73 67 24 50 94 89 21 7 82
22 26 46 30 56 15 48 13 32 88 89 27 33
23 62 16 7 8 25 26 48 34 41 38 32 98
24 77 17 39 30 60 54 56 21 82 42 30 97
25 90 2 66 10 25 38 7 53 79 57 18 48
26 56 4 82 36 56 81 98 41 25 2 91 65
27 50 26 28 70 14 26 34 87 81 18 89 94
28 34 25 31 70 56 62 57 99 87 65 14 10
29 91 51 53 42 55 2 84 64 28 98 53 14
30 5 71 96 30 15 50 93 36 98 58 16 99
31 78 25 9 37 62 58 66 48 16 9 69 43
32 98 39 53 42 45 22 94 51 52 16 3 13
33 52 48 97 38 24 35 27 8 95 74 24 77
34 31 73 1 55 14 48 95 34 7 3 63 92
35 86 5 62 44 47 64 90 9 90 37 25 87
36 82 14 30 7 25 88 27 52 82 29 75 77
37 90 41 5 40 36 89 83 31 72 8 74 72
38 23 68 12 25 23 14 6 15 89 7 3 96
39 62 47 19 60 69 39 36 79 54 51 26 7
40 79 58 25 75 78 49 80 96 72 13 15 80
41 47 85 43 69 90 17 79 33 82 76 14 8
42 61 63 84 23 32 48 39 23 70 81 50 57
43 41 40 89 90 6 32 62 1 90 35 26 95
44 9 89 3 21 73 34 59 75 55 11 74 42
45 62 94 30 17 62 39 20 45 73 90 40 31
46 49 52 67 97 28 10 16 46 4 26 35 9
47 2 89 11 52 17 73 83 54 20 60 21 14
48 25 5 31 22 69 18 86 1 57 18 96 82
49 91 100 52 29 13 78 23 53 18 4 89 13
50 94 15 14 32 94 40 26 2 50 49 93 34
51 93 84 96 86 47 10 53 57 79 60 88 86
52 18 36 13 72 74 84 77 39 52 48 11 48
53 25 42 82 46 30 69 12 43 85 46 13 92
54 33 76 67 62 52 16 82 4 37 54 60 38
55 45 35 57 24 55 9 17 98 57 34 8 63
56 36 81 81 97 51 67 27 20 79 88 100 6
57 87 51 1 13 38 74 74 71 6 69 48 91
58 57 46 59 44 50 31 71 25 3 89 33 46
59 56 63 95 99 45 93 75 71 13 83 32 11
60 87 3 94 90 26 17 37 33 41 43 25 76
61 72 19 68 34 59 41 47 95 27 83 50 26
62 6 78 73 19 12 2 16 67 85 27 51 32
63 88 40 48 100 11 85 12 33 16 89 61 77
64 68 55 7 94 1 28 32 75 78 60 91 87
65 22 49 58 12 53 10 12 67 92 77 42 44
66 93 66 2 46 65 31 2 2 76 60 66 12
67 99 94 53 95 89 7 15 83 74 89 99 15
68 100 92 3 32 63 24 17 47 34 43 53 41
69 22 21 65 54 82 16 99 27 53 65 50 75
70 27 17 40 98 45 78 41 32 29 76 87 38
71 15 97 4 64 28 29 58 4 25 97 9 84
72 78 86 70 61 17 3 79 56 37 30 79 33
73 45 1 62 56 46 91 13 41 78 26 25 31
74 100 64 38 79 98 86 23 19 29 41 70 1
75 16 40 22 53 71 46 13 94 89 97 20 66
76 13 9 16 15 43 40 85 41 7 75 57 80
77 100 43 66 18 3 90 52 38 40 41 84 40
78 6 18 67 86 89 59 79 80 24 67 36 72
79 37 5 67 18 76 16 3 25 83 31 79 70
80 84 2 18 77 88 7 7 31 81 83 83 49
81 35 30 82 73 74 47 57 68 33 100 23 22
82 20 43 99 91 7 81 43 79 100 38 76 57
83 28 89 9 30 99 63 60 79 92 42 72 58
84 53 61 53 57 2 2 10 11 4 48 19 19
85 1 95 17 53 24 64 29 89 73 16 49 90
86 82 31 20 36 1 7 78 44 1 1 32 90
87 5 84 49 56 71 71 48 99 71 25 39 83
88 70 78 34 26 22 54 6 65 76 51 30 19
89 88 33 1 56 57 22 75 93 63 82 40 16
90 88 75 95 45 36 28 96 43 26 81 33 56
91 53 54 77 47 7 23 30 42 79 81 16 7
92 26 91 84 52 85 63 54 88 38 71 22 46
93 31 15 60 71 94 94 72 95 42 49 87 54
94 41 19 87 11 16 100 52 2 82 69 35 67
95 92 44 67 54 64 24 57 60 93 28 92 61
96 9 46 18 49 38 17 42 26 84 58 58 54
97 34 22 20 62 35 83 38 47 23 81 87 44
98 44 44 40 25 72 61 37 62 93 21 94 19
99 14 90 97 100 44 4 68 97 56 3 5 3
