3 100
4079 4068 4471
0 48 67 97 62 45 43 3 1 71 44 73 71
1 18 1 73 35 29 94 32 61 96 93 13 76
2 36 36 21 38 48 2 33 63 50 45 1 99
3 81 7 22 43 4 59 10 40 84 35 55 8
4 75 5 12 41 25 58 50 28 12 84 94 81
5 50 34 31 86 5 37 97 51 86 40 24 39
6 13 44 11 97 77 9 74 87 38 31 46 42
7 84 79 93 6 45 99 83 79 31 20 19 85
8 96 86 45 72 67 65 59 96 43 14 86 37
9 15 88 26 27 30 72 43 3 56 87 13 76
10 40 77 8 46 13 70 99 28 83 3 3 33
11 61 6 40 42 62 98 34 47 28 1 45 1
12 26 79 54 61 65 44 1 97 70 97 91 78
13 59 5 53 79 17 8 8 29 47 94 29 85
14 42 49 49 43 62 17 69 90 64 95 68 47
15 60 56 35 72 22 32 8 99 25 50 59 87
16 53 81 80 28 65 77 97 9 55 35 55 46
17 97 87 37 100 61 57 87 73 39 5 94 85
18 23 55 55 96 78 45 68 77 86 59 40 34
19 90 86 86 92 59 74 96 67 54 3 85 17
20 14 49 71 73 39 61 27 86 99 50 65 55
21 13 16 68 62 40 83 8 18 78 54 38 51
22 75 7 12 97 89 91 58 62 37 33 74 9
23 34 65 70 46 51 29 30 75 18 34 14 13
24 32 88 82 36 67 4 71 36 10 41 96 91
25 39 93 100 53 2 41 95 30 70 15 81 90
26 90 83 87 16 71 92 21 11 44 93 95 26
27 74 4 5 74 30 20 57 39 39 63 46 99
28 97 4 53 3 77 53 41 4 24 47 23 31
29 82 76 94 8 90 26 37 67 38 95 16 11
30 86 2 99 22 66 92 45 93 97 65 62 7
31 8 23 13 10 53 40 8 68 94 95 71 43
32 52 47 57 59 5 82 62 99 9 90 96 3
33 25 48 90 7 12 79 68 97 53 24 99 32
34 1 20 62 6 19 82 80 48 85 86 30 51
35 48 84 7 21 60 90 85 3 31 86 36 58
36 78 19 87 73 81 41 99 64 81 85 76 4
37 45 49 48 98 22 68 9 98 23 98 28 90
38 33 36 43 24 88 1 46 9 36 52 22 76
39 67 77 48 68 95 55 63 95 6 68 30 13
40 90 45 18 19 73 80 66 69 6 63 70 19
41 36 50 3 5 38 97 12 1 2 91 69 11
42 13 8 47 5 1 24 68 47 70 99 12 3
43 22 20 6 12 77 95 57 13 96 65 7 86
44 12 40 13 48 42 19 96 4 62 81 81 46
45 4 9 29 50 92 51 23 36 83 31 81 2
46 49 49 5 4 11 6 33 46 47 30 91 94
47 87 83 50 80 56 47 67 17 92 57 28 18
48 12 72 25 20 74 33 61 63 52 11 20 34
49 74 90 8 62 15 78 28 58 22 95 30 33
50 96 18 71 76 67 89 48 88 45 17 78 3
51 63 45 66 36 80 53 24 56 66 12 8 7
52 21 25 66 38 35 87 50 41 6 25 41 56
53 43 98 30 8 47 98 82 8 100 52 40 34
54 66 34 46 79 15 28 63 43 51 96 44 58
55 15 76 45 21 45 25 72 54 62 85 95 7
56 68 13 3 91 60 70 60 17 70 71 40 34
57 48 96 23 86 76 57 16 30 50 89 3 99
58 10 58 25 8 97 1 71 39 73 16 42 1
59 23 56 26 55 51 75 39 57 4 73 79 45
60 66 57 19 25 7 95 67 70 97 54 93 89
61 9 95 4 91 28 28 46 66 42 26 29 97
62 87 55 61 18 16 58 69 89 60 100 22 21
63 48 18 78 77 69 97 23 35 46 53 74 58
64 52 6 63 46 72 97 82 95 82 2 62 10
65 38 84 24 67 9 63 8 64 46 66 80 5
66 32 59 57 97 24 87 98 75 14 92 74 54
67 16 28 84 72 31 30 63 91 62 34 4 16
68 79 62 42 57 41 68 66 33 74 47 56 47
69 37 12 29 79 52 17 61 16 51 24 7 64
70 94 58 82 62 92 46 15 39 33 90 89 91
71 70 85 31 17 79 11 62 18 19 3 88 94
72 84 28 54 44 62 66 42 46 61 95 39 41
73 78 79 40 74 50 19 3 74 99 98 98 17
74 33 8 29 34 83 54 97 56 28 31 42 9
75 72 59 24 37 94 88 33 34 26 30 6 5
76 87 71 32 27 38 34 45 76 95 34 59 63
77 54 78 51 93 89 74 46 53 26 87 31 62
78 76 15 31 55 27 84 97 48 63 55 97 94
79 94 100 60 44 58 83 9 59 78 59 71 55
80 32 42 44 98 83 28 79 57 68 51 87 20
81 38 93 82 97 7 86 60 83 19 84 3 78
82 14 45 44 37 97 22 99 12 57 6 51 87
83 100 33 68 67 77 39 61 73 28 65 29 51
84 82 41 29 21 25 61 16 81 5 75 75 72
85 8 87 49 43 52 34 68 75 14 28 72 39
86 22 93 41 49 63 1 15 58 61 35 74 54
87 96 20 81 66 46 41 6 55 10 61 77 80
88 87 12 90 99 43 86 90 36 83 100 19 37
89 58 40 84 100 31 17 25 92 100 78 58 36
90 69 92 83 95 99 92 47 30 71 21 78 66
91 46 82 21 65 56 36 39 8 83 77 2 15
92 39 63 24 67 65 94 24 63 12 2 61 37
93 23 66 85 8 5 66 98 70 95 13 32 53
94 28 78 33 50 30 65 73 58 88 32 37 15
95 33 100 89 44 19 15 42 46 40 77 81 77
96 18 47 78 70 29 54 73 32 23 72 60 44
97 62 54 82 17 43 93 32 93 52 16 61 74
98 27 36 79 35 61 71 53 37 2 69 6 30
99 81 15 13 16 6 86 68 55 18 93 89 16
