3 100
4262 3960 4174
0 69 46 73 13 41 48 -18 25 -49 -8 -65 2
1 23 46 21 53 90 59 -11 -68 -33 82 -3 13
2 84 60 64 18 83 77 -94 13 -29 -22 -56 7
3 21 18 84 4 58 54 7 1 100 -41 21 -74
4 4 18 100 40 37 52 -36 -2 -91 -55 -66 86
5 76 93 58 48 3 94 22 60 -45 -6 0 -18
6 68 41 62 94 53 100 -84 78 67 21 -61 -38
7 20 97 62 85 98 88 41 61 66 -89 76 64
8 98 30 52 51 14 31 69 -7 -74 67 19 -70
9 42 94 100 13 82 57 -41 21 12 34 -48 60
10 78 86 66 74 78 85 -69 -15 61 54 -24 -3
11 69 70 78 19 51 59 30 -98 15 -30 -81 -62
12 18 57 78 86 86 33 48 -72 45 -31 47 -35
13 55 59 72 10 13 72 44 38 58 89 -3 -2
14 87 70 1 5 92 58 86 8 89 13 -2 71
15 78 83 15 60 40 96 -44 31 -24 11 -32 6
16 55 41 38 87 19 76 28 -87 28 33 35 -46
17 56 52 73 65 2 46 11 54 56 -20 16 -28
18 21 92 10 21 95 34 -91 74 -50 90 28 -17
19 19 84 9 56 32 62 22 -18 65 31 -64 9
20 10 14 57 36 3 50 -2 -46 -57 93 -47 68
21 10 57 91 30 85 47 1 -86 -1 -69 -84 31
22 15 19 36 91 62 65 52 -53 92 95 79 -75
23 55 56 58 6 75 92 -63 95 -28 8 -46 -21
24 49 1 17 14 91 7 33 32 -51 67 43 -14
25 32 89 94 59 91 53 -12 -80 28 15 81 18
26 1 70 57 89 66 34 83 64 -49 -61 44 -44
27 32 99 30 93 68 61 -21 60 -95 4 -81 -92
28 53 57 90 28 21 28 7 13 69 84 -8 -81
29 41 57 89 49 87 12 51 66 18 -88 -63 -29
30 45 71 78 46 37 14 -81 98 -49 -24 48 60
31 82 87 46 57 57 39 -51 68 96 35 85 78
32 60 67 96 58 40 49 -37 87 -19 -32 0 84
33 42 80 51 79 61 59 53 -82 -20 76 78 91
34 73 17 56 68 90 71 -82 66 -30 -8 -35 79
35 80 47 18 2 48 84 -61 34 75 -14 14 -30
36 67 57 18 26 55 6 78 -77 73 43 48 -41
37 55 7 30 61 18 12 -97 -21 -58 53 8 -81
38 24 59 14 67 37 2 16 47 -8 -45 21 8
39 71 10 63 46 55 45 -86 -83 56 -6 -53 60
40 34 21 45 55 46 15 -73 -38 -91 -56 -32 -50
41 13 63 9 1 41 46 -97 41 95 -57 -64 -5
42 94 53 92 89 83 76 76 90 76 -30 -83 12
43 94 74 17 100 25 3 75 -68 21 -70 -98 -26
44 72 80 5 19 50 96 -98 14 40 -7 -44 30
45 43 98 1 65 5 37 94 7 99 9 27 -87
46 61 57 41 33 9 26 28 50 49 82 74 36
47 72 89 5 50 35 57 -97 45 64 42 34 87
48 26 23 16 21 67 66 -5 -30 -22 11 -52 -98
49 7 19 64 75 23 27 86 50 -68 100 56 60
50 64 9 6 16 48 58 5 -98 -82 41 -81 31
51 73 68 91 56 21 37 28 66 6 -72 -13 -45
52 5 77 54 29 72 89 -85 -4 19 33 -81 -42
53 79 46 45 93 35 35 -30 -74 -1 -27 24 45
54 54 96 97 27 51 47 33 -75 -1 7 63 -19
55 25 3 48 84 57 99 -1 -45 -4 -29 -4 77
56 85 96 35 45 39 82 -27 -28 -81 -92 -76 29
57 91 14 73 41 37 46 40 5 86 41 -54 78
58 49 14 54 76 89 57 -81 13 -13 -90 -71 -10
59 68 76 21 14 43 28 -50 -15 70 0 -82 28
60 91 87 15 83 78 85 -11 -81 -98 -16 66 77
61 98 91 64 19 15 34 -30 66 -7 21 45 -45
62 81 35 41 77 93 68 -11 -82 48 -31 -70 87
63 19 4 96 93 21 83 40 47 -77 81 70 58
64 95 48 98 99 33 58 -99 11 67 -8 -3 -88
65 87 85 34 79 82 81 75 8 24 96 -97 -26
66 70 26 78 96 68 5 39 0 -24 -76 -23 2
67 29 28 62 19 38 99 -17 65 56 -22 71 11
68 66 49 81 30 10 24 -70 41 4 -8 -29 -13
69 82 58 2 5 76 95 66 -41 -15 -31 -76 9
70 19 78 43 29 17 14 -33 -71 79 -95 -12 9
71 43 22 10 34 47 99 15 -79 -25 -40 96 57
72 4 27 75 52 82 67 40 48 99 -99 13 -78
73 47 86 77 80 1 99 -88 -99 -86 -46 97 7
74 59 71 65 42 98 76 -6 -73 18 95 29 -92
75 11 72 31 58 95 60 -13 -88 57 45 13 -48
76 49 18 83 90 22 7 10 -24 37 37 57 -64
77 81 79 73 17 100 37 -38 -38 -89 -7 -64 92
78 77 58 47 62 8 8 -28 41 -57 -49 53 66
79 20 52 18 48 57 99 86 -2 47 64 84 -18
80 28 79 11 90 67 46 -81 91 -91 44 -93 -21
81 86 62 69 9 20 90 -18 61 -69 -39 58 31
82 6 70 20 39 26 39 12 -94 21 21 -59 56
83 59 19 32 66 77 3 -16 88 89 -86 85 58
84 75 79 56 62 28 84 41 92 63 -36 -12 4
85 21 22 15 23 3 10 -5 53 65 -16 51 62
86 70 15 3 14 31 27 -10 -69 63 -74 2 63
87 99 44 24 42 20 33 6 55 55 12 78 98
88 68 63 73 58 5 86 11 85 2 -33 24 -49
89 74 27 47 97 34 21 -55 33 80 87 -66 -11
90 25 52 9 30 77 31 86 -54 8 -56 -28 88
91 12 67 85 14 88 9 92 -74 39 -2 15 17
92 29 57 98 69 66 91 66 -21 -36 60 -23 85
93 36 29 93 11 22 31 -98 -12 -36 -10 -19 -1
94 57 90 50 33 74 59 24 -22 37 -24 21 -59
95 84 35 37 69 31 43 89 -6 2 -67 -11 48
96 85 57 57 11 73 37 32 -29 -31 45 99 35
97 87 13 63 91 48 58 -67 3 -35 48 67 -3
98 96 33 85 14 25 47 -66 -4 -45 -59 0 65
99 17 7 32 100 17 37 -10 51 -45 -17 -50 -65
