3 100
1067 1015 937
0 57 40 83 78 46 46 79 79 46 46 20 20
1 1 89 93 23 45 22 79 79 46 46 20 20
2 18 69 64 28 36 66 79 79 46 46 20 20
3 7 45 74 76 98 72 79 79 46 46 20 20
4 30 34 70 28 77 65 79 79 46 46 20 20
5 38 40 28 64 51 26 79 79 46 46 20 20
6 72 14 88 79 22 12 79 79 46 46 20 20
7 76 80 91 91 100 28 79 79 46 46 20 20
8 43 27 23 74 60 16 79 79 46 46 20 20
9 39 19 1 92 59 18 79 79 46 46 20 20
10 46 100 60 62 81 20 79 79 46 46 20 20
11 3 92 78 9 66 12 79 79 46 46 20 20
12 28 26 9 8 17 98 79 79 46 46 20 20
13 36 97 45 21 84 76 79 79 46 46 20 20
14 78 82 24 67 40 57 79 79 46 46 20 20
15 77 37 44 37 95 33 79 79 46 46 20 20
16 18 74 59 72 55 86 79 79 46 46 20 20
17 17 34 37 58 85 64 79 79 46 46 20 20
18 52 65 53 31 1 54 79 79 46 46 20 20
19 40 27 94 68 83 86 79 79 46 46 20 20
20 42 55 84 18 79 48 79 79 46 46 20 20
21 60 89 57 12 54 90 79 79 46 46 20 20
22 79 98 23 41 74 39 79 79 46 46 20 20
23 27 72 28 16 47 68 79 79 46 46 20 20
24 96 12 28 57 43 31 79 79 46 46 20 20
25 30 78 79 37 76 91 79 79 46 46 20 20
26 15 94 55 53 97 76 79 79 46 46 20 20
27 85 90 42 32 20 28 79 79 46 46 20 20
28 87 23 98 24 74 86 79 79 46 46 20 20
29 56 64 26 7 33 33 79 79 46 46 20 20
30 87 66 11 77 15 54 79 79 46 46 20 20
31 40 73 96 36 27 89 79 79 46 46 20 20
32 72 41 7 47 47 3 79 79 46 46 20 20
33 58 9 14 54 79 5 79 79 46 46 20 20
34 29 54 72 43 45 66 79 79 46 46 20 20
35 72 1 68 40 60 12 79 79 46 46 20 20
36 92 39 1 37 63 51 79 79 46 46 20 20
37 3 75 14 35 82 47 79 79 46 46 20 20
38 2 59 32 14 59 40 79 79 46 46 20 20
39 36 12 75 48 13 89 79 79 46 46 20 20
40 35 88 57 40 70 26 79 79 46 46 20 20
41 82 64 33 70 2 23 79 79 46 46 20 20
42 87 95 64 100 100 42 79 79 46 46 20 20
43 48 94 91 59 98 74 79 79 46 46 20 20
44 59 34 93 94 78 97 79 79 46 46 20 20
45 3 5 32 33 9 6 79 79 46 46 20 20
46 35 36 89 60 35 85 79 79 46 46 20 20
47 39 77 19 84 53 89 79 79 46 46 20 20
48 37 91 30 2 19 88 79 79 46 46 20 20
49 7 27 76 9 98 66 79 79 46 46 20 20
50 57 75 64 75 88 16 79 79 46 46 20 20
51 10 11 12 26 53 5 79 79 46 46 20 20
52 66 47 31 18 89 54 79 79 46 46 20 20
53 81 87 43 62 55 11 79 79 46 46 20 20
54 33 60 44 20 95 51 79 79 46 46 20 20
55 93 72 7 42 90 49 79 79 46 46 20 20
56 41 86 57 37 26 12 79 79 46 46 20 20
57 66 64 87 82 88 26 79 79 46 46 20 20
58 79 44 67 91 88 2 79 79 46 46 20 20
59 53 75 63 95 55 76 79 79 46 46 20 20
60 35 71 4 50 97 37 79 79 46 46 20 20
61 60 90 92 96 1 1 79 79 46 46 20 20
62 88 39 96 69 17 60 79 79 46 46 20 20
63 49 82 91 40 15 15 79 79 46 46 20 20
64 2 49 33 87 42 13 79 79 46 46 20 20
65 91 55 41 24 64 84 79 79 46 46 20 20
66 80 32 59 57 21 14 79 79 46 46 20 20
67 28 46 81 73 17 39 79 79 46 46 20 20
68 51 11 7 96 48 4 79 79 46 46 20 20
69 3 26 86 81 38 91 79 79 46 46 20 20
70 12 4 92 2 89 79 79 79 46 46 20 20
71 93 59 65 4 35 95 79 79 46 46 20 20
72 22 71 65 85 69 58 79 79 46 46 20 20
73 81 1 52 14 79 20 79 79 46 46 20 20
74 33 28 100 51 55 39 79 79 46 46 20 20
75 96 6 55 42 67 1 79 79 46 46 20 20
76 54 59 100 19 84 70 79 79 46 46 20 20
77 8 65 29 93 82 57 79 79 46 46 20 20
78 59 20 20 72 69 18 79 79 46 46 20 20
79 31 51 46 97 74 81 79 79 46 46 20 20
80 78 98 48 69 66 36 79 79 46 46 20 20
81 19 83 1 72 35 15 79 79 46 46 20 20
82 4 32 52 61 73 81 79 79 46 46 20 20
83 51 32 75 24 71 99 79 79 46 46 20 20
84 73 86 23 48 53 20 79 79 46 46 20 20
85 28 10 4 85 49 60 79 79 46 46 20 20
86 20 69 32 85 71 2 79 79 46 46 20 20
87 81 71 24 53 46 23 79 79 46 46 20 20
88 81 95 86 3 3 20 79 79 46 46 20 20
89 12 21 99 68 17 75 79 79 46 46 20 20
90 45 46 38 52 40 1 79 79 46 46 20 20
91 46 82 70 27 36 25 79 79 46 46 20 20
92 39 90 53 73 8 87 79 79 46 46 20 20
93 81 5 39 28 34 80 79 79 46 46 20 20
94 24 64 3 90 100 59 79 79 46 46 20 20
95 41 28 21 5 45 50 79 79 46 46 20 20
96 47 92 60 28 53 11 79 79 46 46 20 20
97 42 20 69 58 82 13 79 79 46 46 20 20
98 19 5 46 94 26 77 79 79 46 46 20 20
99 46 17 92 8 100 76 79 79 46 46 20 20
