3 100
4348 3688 4377
0 18 27 72 99 61 89 14 14 56 56 69 69
1 33 35 19 52 74 75 14 14 56 56 69 69
2 71 61 78 41 21 32 14 14 56 56 69 69
3 84 44 65 78 41 27 14 14 56 56 69 69
4 88 20 13 15 15 40 14 14 56 56 69 69
5 29 84 5 94 48 39 14 14 56 56 69 69
6 12 92 52 49 93 88 14 14 56 56 69 69
7 35 4 69 31 75 58 14 14 56 56 69 69
8 95 97 89 60 11 93 14 14 56 56 69 69
9 42 82 78 82 15 55 14 14 56 56 69 69
10 28 46 58 4 58 42 14 14 56 56 69 69
11 1 4 6 6 48 71 14 14 56 56 69 69
12 9 55 6 100 82 95 14 14 56 56 69 69
13 75 83 48 71 65 68 14 14 56 56 69 69
14 61 63 45 14 83 75 14 14 56 56 69 69
15 78 18 28 59 83 54 14 14 56 56 69 69
16 7 80 22 49 91 50 14 14 56 56 69 69
17 62 7 12 71 86 40 14 14 56 56 69 69
18 48 33 90 65 61 94 14 14 56 56 69 69
19 66 84 60 10 74 97 14 14 56 56 69 69
20 66 33 25 5 85 65 14 14 56 56 69 69
21 85 54 64 84 42 69 14 14 56 56 69 69
22 77 63 10 63 88 82 14 14 56 56 69 69
23 91 86 80 52 79 91 14 14 56 56 69 69
24 27 26 2 36 65 58 14 14 56 56 69 69
25 27 99 20 53 24 22 14 14 56 56 69 69
26 6 35 90 42 15 54 14 14 56 56 69 69
27 43 77 18 69 93 85 14 14 56 56 69 69
28 47 73 52 25 5 39 14 14 56 56 69 69
29 38 75 21 40 51 54 14 14 56 56 69 69
30 25 99 83 30 70 24 14 14 56 56 69 69
31 93 72 41 32 40 81 14 14 56 56 69 69
32 84 3 23 40 98 72 14 14 56 56 69 69
33 75 73 81 64 24 72 14 14 56 56 69 69
34 32 75 87 48 42 64 14 14 56 56 69 69
35 75 63 5 35 91 82 14 14 56 56 69 69
36 92 83 60 54 98 70 14 14 56 56 69 69
37 76 94 38 29 5 78 14 14 56 56 69 69
38 20 59 91 10 39 84 14 14 56 56 69 69
39 43 93 35 49 75 94 14 14 56 56 69 69
40 34 28 62 13 82 93 14 14 56 56 69 69
41 5 8 7 68 88 88 14 14 56 56 69 69
42 47 25 96 19 33 30 14 14 56 56 69 69
43 76 5 66 46 29 20 14 14 56 56 69 69
44 33 22 25 77 20 13 14 14 56 56 69 69
45 98 81 80 27 19 13 14 14 56 56 69 69
46 23 16 58 93 22 90 14 14 56 56 69 69
47 62 55 48 48 92 63 14 14 56 56 69 69
48 14 78 64 9 41 25 14 14 56 56 69 69
49 76 2 96 8 14 69 14 14 56 56 69 69
50 100 100 45 15 69 20 14 14 56 56 69 69
51 88 76 74 35 85 19 14 14 56 56 69 69
52 52 86 87 64 49 70 14 14 56 56 69 69
53 37 71 70 70 78 50 14 14 56 56 69 69
54 21 15 75 66 50 17 14 14 56 56 69 69
55 84 33 70 50 17 36 14 14 56 56 69 69
56 66 58 39 23 69 50 14 14 56 56 69 69
57 51 11 63 14 62 56 14 14 56 56 69 69
58 15 21 95 40 70 70 14 14 56 56 69 69
59 90 65 91 100 77 41 14 14 56 56 69 69
60 32 51 62 48 98 95 14 14 56 56 69 69
61 97 31 38 78 100 76 14 14 56 56 69 69
62 99 92 99 69 60 85 14 14 56 56 69 69
63 89 99 98 17 29 74 14 14 56 56 69 69
64 58 64 96 58 40 66 14 14 56 56 69 69
65 42 41 57 90 52 95 14 14 56 56 69 69
66 3 12 76 36 15 22 14 14 56 56 69 69
67 59 55 10 26 37 10 14 14 56 56 69 69
68 12 20 65 19 7 32 14 14 56 56 69 69
69 66 20 29 12 18 1 14 14 56 56 69 69
70 21 4 95 73 31 5 14 14 56 56 69 69
71 25 22 40 6 46 13 14 14 56 56 69 69
72 38 93 68 13 13 60 14 14 56 56 69 69
73 56 85 62 18 23 80 14 14 56 56 69 69
74 83 52 9 3 52 25 14 14 56 56 69 69
75 66 97 58 79 59 33 14 14 56 56 69 69
76 22 57 86 31 42 6 14 14 56 56 69 69
77 8 18 87 48 2 31 14 14 56 56 69 69
78 26 44 28 31 19 82 14 14 56 56 69 69
79 71 15 40 79 73 60 14 14 56 56 69 69
80 16 89 99 21 78 72 14 14 56 56 69 69
81 65 93 68 64 53 10 14 14 56 56 69 69
82 77 55 14 3 34 36 14 14 56 56 69 69
83 78 70 89 21 83 16 14 14 56 56 69 69
84 67 53 46 43 91 27 14 14 56 56 69 69
85 27 50 63 40 35 63 14 14 56 56 69 69
86 77 35 6 31 98 13 14 14 56 56 69 69
87 8 23 100 36 72 64 14 14 56 56 69 69
88 35 21 19 76 71 80 14 14 56 56 69 69
89 60 58 18 59 5 7 14 14 56 56 69 69
90 65 60 11 84 21 71 14 14 56 56 69 69
91 42 69 13 7 49 67 14 14 56 56 69 69
92 8 98 77 14 29 24 14 14 56 56 69 69
93 79 92 47 93 23 69 14 14 56 56 69 69
94 14 31 47 70 99 55 14 14 56 56 69 69
95 11 98 93 99 61 61 14 14 56 56 69 69
96 60 60 16 52 39 79 14 14 56 56 69 69
97 60 94 52 27 11 9 14 14 56 56 69 69
98 60 91 78 82 37 90 14 14 56 56 69 69
99 18 13 63 59 92 53 14 14 56 56 69 69
