3 100
2316 2594 2677
0 66 26 8 31 100 36 38 5 1 100 99 67
1 90 21 21 67 16 57 69 49 50 44 58 92
2 16 98 68 33 86 6 21 17 23 82 40 67
3 58 14 61 50 21 79 14 17 68 24 95 33
4 86 48 100 83 100 37 45 35 80 64 79 51
5 32 73 40 19 90 67 84 67 15 42 69 78
6 82 78 100 41 50 85 78 1 29 35 38 75
7 75 43 28 97 5 66 92 39 3 26 85 85
8 30 88 7 67 22 86 16 3 62 81 1 30
9 16 45 34 80 39 35 45 45 43 5 33 59
10 83 2 59 1 55 76 42 72 66 71 88 71
11 47 40 48 15 42 4 61 16 50 6 52 62
12 20 23 65 71 82 5 54 55 15 11 79 53
13 11 44 26 78 57 35 42 33 43 88 65 78
14 41 32 79 23 15 92 66 47 41 7 95 67
15 41 88 98 54 64 91 47 63 14 75 70 7
16 80 81 9 10 99 81 61 75 13 78 20 72
17 55 19 28 19 35 67 55 25 91 20 63 18
18 11 12 75 47 12 89 54 50 86 71 10 75
19 38 40 42 78 64 50 79 25 47 10 73 48
20 78 97 72 35 54 47 71 32 58 29 98 12
21 22 41 45 34 91 81 60 95 79 73 37 21
22 33 88 46 51 16 74 86 55 78 6 98 2
23 81 67 21 92 72 90 74 20 45 19 41 81
24 13 14 34 44 80 37 81 58 7 8 28 76
25 21 44 100 62 45 42 75 71 25 70 69 78
26 12 66 9 53 41 78 11 50 41 86 57 13
27 2 15 28 25 92 91 45 65 82 87 8 32
28 49 59 16 8 31 30 4 33 9 37 80 23
29 56 21 50 96 9 53 18 14 58 51 39 37
30 73 92 11 11 59 81 53 8 82 5 48 81
31 28 21 45 26 19 19 7 86 29 72 93 76
32 39 40 28 45 70 58 81 62 40 23 100 23
33 75 70 82 38 73 78 17 72 48 1 47 27
34 17 30 18 25 16 98 99 68 24 99 43 8
35 51 29 38 22 33 32 82 87 75 75 32 84
36 40 75 56 48 58 11 38 93 15 56 17 48
37 60 75 90 24 1 97 19 53 16 65 64 28
38 55 55 51 25 12 63 42 91 98 54 49 33
39 55 66 4 28 4 85 46 49 55 44 86 10
40 84 25 47 7 37 50 84 60 82 47 24 54
41 40 11 9 70 50 72 71 18 5 71 20 89
42 19 18 31 35 1 64 82 7 27 34 4 25
43 88 65 25 79 49 84 39 12 81 7 81 70
44 69 35 22 58 99 87 99 43 30 11 72 49
45 47 63 59 16 96 68 94 69 84 60 6 55
46 74 2 83 61 48 99 87 45 75 29 8 16
47 13 10 63 73 79 76 79 87 62 8 32 80
48 65 19 23 76 74 53 21 59 66 93 64 79
49 38 98 46 52 31 56 20 9 98 28 48 19
50 7 49 56 99 71 96 34 20 96 76 66 63
51 10 72 52 95 81 45 53 93 26 36 60 6
52 82 31 96 13 17 77 71 22 64 27 74 79
53 25 89 59 40 28 10 84 82 18 99 47 36
54 50 63 100 54 44 24 79 88 5 50 19 88
55 20 19 55 37 49 95 98 15 60 9 18 23
56 5 78 89 86 80 75 85 37 55 37 97 11
57 5 3 24 58 59 14 73 6 54 48 41 23
58 49 54 12 26 55 96 23 84 74 36 98 65
59 35 4 72 89 8 28 28 88 19 59 35 64
60 3 94 73 65 97 7 5 23 77 49 4 71
61 33 4 23 84 4 50 32 14 50 40 30 19
62 51 38 13 93 61 24 80 82 97 16 69 43
63 5 35 40 91 70 21 15 73 44 20 15 4
64 4 99 17 32 79 88 88 18 76 36 55 50
65 57 30 30 11 82 87 11 38 84 9 58 74
66 77 77 13 31 23 16 38 6 99 89 41 76
67 66 26 71 54 88 18 31 46 65 71 44 47
68 7 10 54 49 58 68 8 74 47 31 41 17
69 73 96 3 80 2 8 39 82 81 73 97 94
70 9 35 48 61 24 9 41 42 40 35 59 89
71 80 24 55 27 90 30 43 97 25 84 58 1
72 82 83 56 67 49 31 62 57 38 77 93 16
73 98 61 8 77 68 23 13 56 70 75 25 98
74 98 46 12 7 58 12 56 42 71 26 28 98
75 1 60 23 63 59 65 67 42 97 21 100 51
76 12 13 61 42 79 19 96 62 41 99 95 84
77 32 70 80 88 98 66 46 50 68 76 27 79
78 93 89 54 71 84 62 72 96 66 40 50 78
79 55 83 87 42 1 82 14 72 26 77 6 87
80 20 69 83 52 76 21 34 30 89 25 38 69
81 91 56 41 99 49 68 23 69 33 90 36 74
82 3 96 82 6 100 39 38 28 14 29 93 75
83 9 56 3 77 25 46 3 81 32 66 15 55
84 24 20 71 77 91 96 32 74 95 9 87 4
85 43 49 36 52 62 38 100 98 28 70 75 92
86 44 8 98 99 4 84 71 95 25 27 97 91
87 5 56 84 40 5 69 81 18 36 94 70 42
88 62 37 81 42 4 6 73 35 39 4 34 42
89 50 36 88 28 67 15 24 28 48 64 1 40
90 32 3 44 92 88 19 79 71 40 11 23 58
91 89 17 30 84 34 35 72 98 71 7 9 57
92 61 11 1 15 10 40 25 80 86 12 12 18
93 61 66 31 84 66 31 10 34 44 53 94 32
94 88 31 15 66 64 63 3 4 90 54 69 39
95 1 3 51 50 58 24 92 77 48 48 79 83
96 4 62 73 69 95 79 15 38 31 32 56 56
97 76 30 57 84 63 56 13 32 38 16 66 67
98 10 9 14 12 14 47 85 32 10 69 57 68
99 95 57 74 46 46 35 68 51 78 72 69 59
