3 100
965 990 919
0 71 61 34 23 18 7 60 -59 -12 -11 -76 -46
1 61 89 33 37 30 66 35 -2 65 -44 -4 24
2 99 90 53 56 51 89 82 -94 -19 -17 -6 10
3 56 26 41 99 48 8 27 -48 -9 83 -96 -60
4 75 40 3 67 84 16 54 -91 -97 43 86 55
5 93 41 53 22 20 28 -87 -8 -15 8 -80 -66
6 84 23 100 89 12 80 -18 -85 -23 11 3 8
7 13 74 67 70 54 50 68 3 50 88 -63 -89
8 94 91 100 22 58 2 14 3 71 94 -94 -51
9 16 84 79 57 23 74 -30 -22 65 -20 -78 30
10 48 99 46 83 91 33 -15 -64 -54 -85 -81 46
11 91 14 30 23 80 8 92 63 0 -24 21 65
12 63 61 74 9 51 46 29 -19 3 67 71 38
13 49 63 19 16 9 71 -71 65 -88 1 19 -33
14 63 70 60 37 1 16 -24 85 46 72 89 6
15 88 32 91 24 56 75 -49 18 63 64 36 11
16 69 2 29 86 75 42 21 39 -36 88 -40 75
17 77 56 83 28 39 16 39 -37 88 -73 8 -42
18 56 2 100 53 71 38 -77 100 -42 98 -33 81
19 41 13 87 17 11 67 85 51 -37 -9 80 52
20 96 77 54 55 14 74 -56 -75 -47 -43 76 -47
21 42 40 20 48 67 91 12 20 73 -62 3 32
22 58 22 59 53 58 50 -80 21 5 57 -6 -87
23 57 38 16 4 10 96 27 98 -83 -35 100 -37
24 68 17 53 9 48 19 -59 -5 -33 -41 -82 -75
25 89 57 21 73 3 79 -80 11 -77 -86 69 -76
26 28 76 67 59 29 17 82 26 -66 76 -48 -31
27 45 83 53 81 29 23 -61 -87 100 -50 17 -3
28 41 89 82 74 61 33 46 15 -98 -8 54 26
29 2 38 60 30 27 39 14 -85 -39 36 -10 39
30 71 28 34 2 60 14 87 18 -81 -14 62 82
31 53 48 69 40 73 81 -29 79 -13 9 -4 83
32 99 63 77 88 67 26 -92 74 -69 33 -59 3
33 69 66 53 32 33 82 -14 -38 -69 69 18 51
34 23 100 85 62 86 68 94 -96 10 6 85 -1
35 28 90 71 43 77 62 64 57 -1 20 -18 -13
36 35 4 85 93 97 57 82 -18 -45 -62 32 10
37 81 81 12 33 82 91 -96 -41 54 74 -74 96
38 34 41 70 54 10 50 -95 50 53 25 0 23
39 36 11 90 78 85 10 -58 -17 -82 -2 -10 35
40 31 75 36 53 46 31 -1 -87 -29 -15 84 8
41 92 84 40 34 63 50 -76 68 -47 -43 -96 17
42 3 7 99 4 47 10 -20 60 16 6 45 7
43 12 85 45 71 13 87 -36 75 49 63 -32 10
44 21 92 92 16 60 78 92 -48 8 -56 -88 -92
45 55 3 14 72 45 65 -7 -88 47 -85 -30 -82
46 86 24 82 64 12 47 4 -87 30 29 -20 6
47 8 4 50 12 1 98 -85 66 8 -29 21 60
48 45 11 95 48 26 67 65 28 30 -93 -21 -39
49 74 73 69 10 81 27 1 30 78 -30 -33 -70
50 38 72 58 88 55 60 -64 91 27 63 -24 8
51 58 10 89 66 52 85 67 -11 -22 -22 65 78
52 9 19 59 37 99 18 6 29 -61 -89 65 72
53 89 48 82 89 44 90 -65 32 -56 93 -74 28
54 90 6 50 19 18 88 94 -69 -37 -13 82 42
55 24 94 98 35 3 43 -94 26 86 -56 83 -86
56 23 12 78 17 28 1 63 -2 -38 -46 43 64
57 26 67 60 65 54 12 -55 28 -8 -53 23 68
58 66 43 49 85 71 60 83 69 -25 92 -54 66
59 16 24 76 48 80 47 -97 -30 -47 -68 87 95
60 66 22 56 32 26 25 17 29 -73 -85 -99 10
61 25 69 73 28 99 31 -85 92 -61 -11 22 70
62 98 23 52 79 42 74 23 -47 -3 11 59 14
63 78 77 44 20 83 16 77 -29 79 25 30 -22
64 29 51 51 99 35 22 -76 1 -95 -94 -81 -74
65 60 9 96 87 7 64 -59 -37 -87 76 6 -22
66 29 38 90 11 82 60 61 76 77 -42 -71 -50
67 26 46 83 41 58 15 -75 13 91 -74 66 57
68 72 2 46 24 48 44 -22 41 -26 49 -85 15
69 67 88 55 13 79 43 35 26 43 -96 6 34
70 36 9 42 66 77 7 12 5 -66 27 67 -80
71 64 10 25 56 95 95 7 -38 -85 70 -88 62
72 18 19 25 67 65 41 38 34 -42 7 72 -84
73 49 95 60 38 16 27 -63 65 86 71 5 33
74 75 85 6 41 99 15 51 94 70 81 2 -43
75 97 38 75 75 96 1 -39 72 -23 -77 -28 35
76 71 59 74 70 30 100 32 48 14 -31 -22 -48
77 58 87 7 75 65 96 -75 12 43 -10 65 69
78 8 9 36 24 74 25 -62 75 0 83 83 -74
79 63 31 62 6 50 45 -33 91 -28 59 -79 -21
80 86 62 3 92 48 65 51 59 76 46 -66 63
81 66 97 41 6 100 6 -89 99 -29 13 81 -4
82 21 34 66 86 36 66 26 -76 33 89 -95 -6
83 66 32 63 41 39 24 77 17 81 -42 -5 59
84 13 85 24 8 96 13 86 77 -37 91 -10 -77
85 57 99 35 64 80 41 26 -85 -38 -4 40 26
86 100 98 77 48 38 30 19 -18 -47 -8 -60 -94
87 91 94 81 97 71 7 25 -5 -56 -15 84 53
88 49 18 17 57 16 43 -22 42 -54 6 88 -49
89 94 72 35 46 58 51 -81 43 85 26 92 77
90 79 22 33 59 20 38 -82 -16 -34 -51 -75 -80
91 47 32 40 81 31 34 -12 89 -34 -68 63 -34
92 68 70 75 83 34 91 21 -60 80 63 29 55
93 45 28 99 44 26 54 -52 23 22 -64 11 -83
94 20 16 15 76 35 5 -62 -37 -35 -43 -77 -83
95 28 26 53 29 42 95 41 97 14 -12 46 66
96 10 2 82 97 52 41 -24 -90 -54 -12 77 24
97 64 31 28 80 80 69 88 5 -43 16 -63 23
98 12 9 35 8 70 7 -57 -76 32 35 56 -33
99 70 82 7 34 45 12 -44 -62 -15 41 33 -46
