3 25
273 272 217
0 26 85 91 12 25 42 49 49 32 32 84 84
1 80 29 31 100 36 79 49 49 32 32 84 84
2 6 95 53 28 35 55 49 49 32 32 84 84
3 62 62 83 80 49 88 49 49 32 32 84 84
4 39 59 73 7 37 45 49 49 32 32 84 84
5 50 93 95 96 88 33 49 49 32 32 84 84
6 63 21 78 89 87 11 49 49 32 32 84 84
7 46 3 90 79 14 37 49 49 32 32 84 84
8 55 45 94 13 5 77 49 49 32 32 84 84
9 93 37 10 6 93 92 49 49 32 32 84 84
10 15 75 13 17 36 20 49 49 32 32 84 84
11 81 71 76 81 21 69 49 49 32 32 84 84
12 70 3 19 72 78 2 49 49 32 32 84 84
13 35 7 30 8 64 76 49 49 32 32 84 84
14 61 96 95 71 57 4 49 49 32 32 84 84
15 74 18 25 66 55 7 49 49 32 32 84 84
16 10 100 84 88 7 50 49 49 32 32 84 84
17 30 64 61 38 96 32 49 49 32 32 84 84
18 42 60 97 68 16 46 49 49 32 32 84 84
19 62 52 31 81 31 31 49 49 32 32 84 84
20 15 91 80 58 49 15 49 49 32 32 84 84
21 99 50 8 47 78 46 49 49 32 32 84 84
22 76 75 17 48 46 32 49 49 32 32 84 84
23 19 44 92 19 75 57 49 49 32 32 84 84
24 38 33 27 89 48 42 49 49 32 32 84 84
