3 25
613 616 504
0 54 64 87 76 81 86 -30 -36 29 -78 50 31
1 53 41 96 29 16 48 72 38 52 -9 38 59
2 76 73 82 61 90 87 0 -19 -38 -64 -36 -74
3 23 72 100 98 87 15 41 -68 -48 -19 -93 47
4 13 11 5 96 34 15 41 48 52 79 -45 41
5 35 34 9 49 71 8 88 -49 91 -85 -82 -38
6 41 3 42 44 83 68 84 17 -13 -96 61 72
7 23 73 73 2 87 11 78 35 79 3 45 50
8 79 64 69 89 13 9 -62 7 -64 30 -49 -25
9 55 57 90 17 30 16 -15 88 27 -39 -94 -16
10 21 8 27 9 54 73 63 -94 79 62 78 -7
11 69 65 61 8 39 55 9 -42 37 84 -29 -57
12 40 85 9 87 59 60 -73 -19 -9 6 -37 -35
13 68 96 99 55 91 19 24 36 -72 -12 25 81
14 48 17 69 85 73 40 5 14 87 -16 5 30
15 81 91 37 65 98 84 -21 -72 76 -83 91 -56
16 57 42 75 9 43 91 -77 -60 25 -66 80 81
17 74 30 14 82 57 55 27 89 94 35 -46 43
18 94 18 82 42 45 64 -83 29 68 43 63 -99
19 42 17 67 2 58 2 1 57 -32 55 61 -16
20 84 61 18 93 97 4 16 -47 16 51 -96 -52
21 53 7 87 19 38 21 77 -96 -60 -72 59 -99
22 65 39 69 66 75 23 -32 -62 53 -61 -69 -88
23 99 68 59 30 95 13 -77 99 38 -38 -40 -28
24 83 91 5 19 22 42 -75 11 -90 88 -59 79
