3 25
1028 1086 979
0 94 49 44 50 36 33 42 42 20 20 93 93
1 45 62 42 7 42 42 42 42 20 20 93 93
2 31 85 100 94 57 66 42 42 20 20 93 93
3 31 30 26 93 22 60 42 42 20 20 93 93
4 45 99 32 63 62 32 42 42 20 20 93 93
5 19 69 93 9 25 31 42 42 20 20 93 93
6 59 58 40 95 35 44 42 42 20 20 93 93
7 17 63 3 51 45 72 42 42 20 20 93 93
8 38 92 100 91 30 17 42 42 20 20 93 93
9 7 22 74 45 70 89 42 42 20 20 93 93
10 39 61 28 40 47 43 42 42 20 20 93 93
11 87 87 47 93 12 63 42 42 20 20 93 93
12 87 80 5 5 95 41 42 42 20 20 93 93
13 3 37 16 69 69 72 42 42 20 20 93 93
14 4 17 81 2 98 82 42 42 20 20 93 93
15 89 68 52 33 40 7 42 42 20 20 93 93
16 68 8 64 29 13 8 42 42 20 20 93 93
17 10 7 52 42 45 56 42 42 20 20 93 93
18 78 44 89 83 1 57 42 42 20 20 93 93
19 24 20 37 73 38 43 42 42 20 20 93 93
20 36 91 100 72 2 40 42 42 20 20 93 93
21 37 10 100 27 58 81 42 42 20 20 93 93
22 60 44 29 28 67 68 42 42 20 20 93 93
23 62 15 34 90 82 7 42 42 20 20 93 93
24 17 68 74 74 80 70 42 42 20 20 93 93
