3 25
1003 1021 921
0 84 36 12 32 94 54 -97 -17 -40 -23 99 -64
1 9 53 62 18 14 6 -88 -7 -99 27 -56 95
2 41 11 10 36 9 40 50 -39 -27 78 19 -88
3 1 33 49 81 29 79 1 57 -38 -22 -57 -38
4 82 2 42 86 35 32 76 -31 94 -12 22 62
5 15 77 9 26 63 61 73 -52 70 82 23 -53
6 31 97 53 31 70 27 -16 95 -55 28 32 -63
7 6 24 71 70 14 42 -88 -72 8 73 -7 62
8 7 66 58 75 12 41 -16 -54 58 62 -46 -4
9 30 12 93 30 73 68 -44 67 -10 6 31 -52
10 42 58 66 8 72 8 50 -53 66 78 38 61
11 39 11 70 56 31 16 -40 -22 -88 -89 76 -75
12 9 76 68 28 68 54 100 70 69 7 -36 11
13 62 49 27 34 74 89 15 -71 84 -3 -4 85
14 64 65 71 69 43 85 14 1 -15 73 96 46
15 88 89 12 100 64 76 49 60 73 -4 97 15
16 82 25 1 35 79 54 -15 95 0 96 6 -96
17 68 94 16 93 78 17 28 14 94 13 30 40
18 94 31 89 98 83 5 -11 -43 -59 -71 29 -84
19 50 100 67 21 21 8 -93 37 -37 -5 51 70
20 10 40 87 23 37 92 -1 -14 -47 -56 35 -7
21 32 83 55 91 53 55 4 -23 -87 66 97 -7
22 19 85 45 52 1 18 -2 -41 -76 47 -8 67
23 22 18 52 31 33 32 7 99 6 -83 76 52
24 5 19 83 53 8 93 16 -78 -44 -93 -21 72
