3 25
648 583 597
0 59 28 30 53 43 82 31 5 60 79 87 56
1 39 59 66 6 58 47 8 14 6 6 23 13
2 80 30 37 94 2 7 59 92 54 69 46 52
3 76 15 46 14 65 24 11 43 74 63 84 17
4 22 24 28 87 8 68 17 13 18 60 4 32
5 86 35 18 56 85 92 65 50 84 21 5 78
6 81 73 75 15 44 56 48 44 86 29 7 27
7 6 74 50 84 98 69 37 68 86 77 94 81
8 61 68 58 54 34 97 54 12 23 19 76 92
9 75 94 39 11 17 39 17 69 83 20 36 100
10 31 52 86 11 70 9 82 69 100 70 98 84
11 29 75 17 20 90 13 100 19 21 40 44 63
12 31 3 35 92 75 76 12 85 15 29 96 30
13 53 98 88 11 37 44 44 63 64 92 48 64
14 52 88 3 24 44 6 4 48 90 43 79 41
15 19 4 41 5 94 74 82 76 1 43 53 42
16 76 70 27 61 79 46 42 53 29 61 23 75
17 60 77 97 67 10 16 22 92 27 62 62 53
18 54 11 37 29 46 82 48 72 7 20 61 17
19 40 62 79 25 73 8 32 79 1 77 26 96
20 6 47 57 61 34 11 44 52 26 10 78 27
21 97 59 85 82 97 27 47 90 20 84 64 61
22 52 29 55 99 69 26 44 18 47 100 93 93
23 46 51 69 41 23 96 70 47 71 23 91 38
24 94 70 96 64 50 79 82 63 11 82 23 20
