3 25
236 286 255
0 79 73 57 26 41 100 -38 -64 48 -41 66 -92
1 52 83 21 37 17 18 86 -79 -42 -40 17 -53
2 12 39 1 57 79 81 -56 78 4 18 79 47
3 61 93 88 12 24 33 59 -69 11 -70 -55 54
4 38 75 76 47 15 75 -74 -6 -40 98 98 37
5 9 100 95 70 70 70 43 78 33 45 81 74
6 45 37 18 96 78 53 -45 30 31 79 10 -4
7 4 79 40 93 16 84 45 36 -45 -98 40 62
8 26 1 70 67 74 27 -59 -19 97 49 -44 88
9 27 62 88 41 25 29 66 7 -22 24 97 19
10 86 2 89 25 5 70 -33 44 -10 73 -42 -6
11 8 70 37 93 6 96 -42 45 -11 -79 76 -35
12 100 25 3 46 63 8 -83 -36 24 94 63 -45
13 14 1 47 85 94 32 98 -3 2 99 -59 -32
14 99 21 54 22 73 11 80 -10 -78 33 82 84
15 99 63 57 47 99 11 60 -26 99 82 4 -82
16 75 17 49 81 17 93 11 -52 13 62 41 -74
17 17 26 50 73 10 39 -64 -61 24 89 41 1
18 43 41 62 11 100 31 -58 -57 26 3 -68 -36
19 19 35 64 36 62 77 62 28 97 6 -75 21
20 68 19 92 75 80 14 -34 -49 -64 17 -51 -67
21 32 37 53 94 53 78 21 6 -90 51 94 -11
22 65 64 80 43 22 46 -56 12 -53 66 -14 -34
23 62 28 5 81 78 12 -39 -94 68 -55 -29 55
24 98 91 50 76 95 89 96 59 -66 -63 -55 -28
