3 25
169 217 265
0 65 5 97 17 64 3 80 70 39 71 88 19
1 42 40 85 72 63 89 92 60 12 4 66 95
2 17 58 84 67 93 28 33 96 30 39 100 15
3 40 2 69 11 85 94 16 60 83 48 34 92
4 74 32 12 82 62 16 43 55 8 1 28 8
5 29 11 7 7 93 31 38 97 53 69 48 23
6 47 2 16 70 2 85 17 88 15 85 20 14
7 14 95 70 5 39 41 23 27 79 69 17 41
8 33 25 30 24 70 72 45 23 2 21 33 82
9 6 56 27 46 69 74 25 99 87 86 24 55
10 50 70 37 66 12 48 15 10 82 70 56 50
11 79 88 21 18 100 90 93 51 17 80 70 96
12 93 20 74 9 29 63 8 1 70 94 86 100
13 1 1 62 11 25 15 1 73 33 54 40 4
14 9 42 61 42 30 82 65 53 2 66 9 32
15 99 52 87 70 91 75 42 32 14 56 56 35
16 85 2 71 7 41 39 28 77 13 38 94 51
17 3 2 17 76 67 5 38 97 52 49 17 84
18 31 60 78 72 73 23 52 28 47 44 95 54
19 93 28 4 41 48 32 53 16 39 80 61 97
20 16 59 61 68 10 60 82 97 74 9 24 99
21 63 73 46 95 71 81 60 86 73 29 47 72
22 30 4 38 42 58 18 35 90 44 12 76 64
23 21 10 36 27 28 75 85 72 24 28 76 17
24 69 9 75 40 5 90 58 47 70 49 55 40
