3 25
618 498 699
0 29 80 99 1 32 30 24 24 27 27 40 40
1 12 14 8 37 7 87 24 24 27 27 40 40
2 31 41 61 36 32 96 24 24 27 27 40 40
3 64 36 96 19 91 8 24 24 27 27 40 40
4 53 7 42 20 48 47 24 24 27 27 40 40
5 29 61 28 29 76 91 24 24 27 27 40 40
6 53 15 27 24 67 42 24 24 27 27 40 40
7 11 53 38 69 76 65 24 24 27 27 40 40
8 63 3 95 45 97 55 24 24 27 27 40 40
9 62 30 52 95 5 55 24 24 27 27 40 40
10 85 26 25 49 33 87 24 24 27 27 40 40
11 3 62 93 7 91 98 24 24 27 27 40 40
12 13 22 81 80 4 68 24 24 27 27 40 40
13 93 50 87 31 35 87 24 24 27 27 40 40
14 46 98 2 58 73 14 24 24 27 27 40 40
15 93 96 11 44 70 20 24 24 27 27 40 40
16 50 44 31 9 66 36 24 24 27 27 40 40
17 61 47 96 25 50 24 24 24 27 27 40 40
18 54 83 51 94 37 29 24 24 27 27 40 40
19 51 19 100 16 70 47 24 24 27 27 40 40
20 83 96 70 4 16 26 24 24 27 27 40 40
21 58 5 22 80 91 73 24 24 27 27 40 40
22 72 79 49 51 53 84 24 24 27 27 40 40
23 19 74 30 24 55 37 24 24 27 27 40 40
24 46 95 7 49 3 92 24 24 27 27 40 40
