3 25
916 876 995
0 57 58 34 21 48 10 5 70 84 14 83 33
1 35 33 39 10 95 67 2 26 63 56 69 77
2 84 27 84 56 46 58 91 24 14 28 92 98
3 47 29 41 22 1 28 41 7 62 43 93 36
4 61 37 95 61 28 48 56 50 61 56 73 4
5 1 68 50 34 27 11 81 26 48 21 95 51
6 80 89 68 79 100 64 13 80 8 58 42 92
7 37 34 29 13 93 43 18 9 5 74 87 49
8 77 92 74 2 36 1 84 24 91 97 33 62
9 68 82 94 3 15 79 24 54 77 57 17 21
10 6 11 3 6 17 99 56 13 73 100 67 81
11 1 30 58 100 62 78 37 17 4 74 85 21
12 77 89 95 76 57 30 4 34 52 27 46 38
13 19 52 72 31 61 66 93 34 86 75 79 55
14 68 15 78 33 59 63 82 74 94 94 70 78
15 59 50 97 72 96 74 54 88 55 95 55 85
16 68 53 20 93 76 55 1 44 51 22 29 80
17 11 57 91 64 88 92 91 93 49 11 38 80
18 20 100 89 92 30 38 92 20 25 96 5 78
19 23 16 72 87 20 44 16 73 94 83 44 92
20 33 75 36 52 8 35 55 1 68 76 85 30
21 31 9 27 21 23 96 22 72 50 88 40 95
22 13 15 50 50 73 10 90 42 48 32 4 92
23 4 9 88 8 87 53 41 33 45 37 62 12
24 6 16 68 10 40 2 100 59 93 68 93 22
