3 50
567 559 508
0 78 71 60 61 47 70 69 69 52 52 17 17
1 38 40 9 87 33 81 69 69 52 52 17 17
2 77 21 7 36 53 91 69 69 52 52 17 17
3 42 94 66 43 70 34 69 69 52 52 17 17
4 37 90 43 30 57 2 69 69 52 52 17 17
5 9 58 72 31 94 57 69 69 52 52 17 17
6 75 11 71 34 65 18 69 69 52 52 17 17
7 78 51 85 45 45 18 69 69 52 52 17 17
8 37 19 26 84 44 68 69 69 52 52 17 17
9 18 40 94 19 11 66 69 69 52 52 17 17
10 56 15 26 72 18 28 69 69 52 52 17 17
11 49 77 27 70 26 61 69 69 52 52 17 17
12 8 66 66 88 30 30 69 69 52 52 17 17
13 97 93 99 81 24 39 69 69 52 52 17 17
14 31 99 32 67 62 2 69 69 52 52 17 17
15 9 49 97 26 71 81 69 69 52 52 17 17
16 49 80 69 80 17 56 69 69 52 52 17 17
17 66 80 57 34 58 80 69 69 52 52 17 17
18 58 38 77 98 87 58 69 69 52 52 17 17
19 52 59 90 87 53 79 69 69 52 52 17 17
20 47 59 33 84 35 17 69 69 52 52 17 17
21 24 100 39 2 30 16 69 69 52 52 17 17
22 3 67 87 10 26 24 69 69 52 52 17 17
23 89 49 72 35 45 59 69 69 52 52 17 17
24 53 17 87 97 1 22 69 69 52 52 17 17
25 48 22 92 89 74 99 69 69 52 52 17 17
26 85 39 98 93 18 70 69 69 52 52 17 17
27 82 68 27 74 84 82 69 69 52 52 17 17
28 90 53 41 8 76 56 69 69 52 52 17 17
29 20 89 46 84 1 91 69 69 52 52 17 17
30 97 96 9 5 27 15 69 69 52 52 17 17
31 28 100 67 83 73 48 69 69 52 52 17 17
32 68 62 46 8 9 32 69 69 52 52 17 17
33 97 79 30 63 23 52 69 69 52 52 17 17
34 27 50 61 11 13 4 69 69 52 52 17 17
35 98 92 18 47 86 25 69 69 52 52 17 17
36 85 87 82 54 20 40 69 69 52 52 17 17
37 66 43 100 99 42 72 69 69 52 52 17 17
38 65 56 37 28 11 35 69 69 52 52 17 17
39 21 63 46 60 17 72 69 69 52 52 17 17
40 64 13 51 35 63 58 69 69 52 52 17 17
41 55 21 42 73 46 17 69 69 52 52 17 17
42 24 14 86 10 74 70 69 69 52 52 17 17
43 72 27 36 1 35 52 69 69 52 52 17 17
44 61 84 42 93 2 97 69 69 52 52 17 17
45 85 86 9 92 75 83 69 69 52 52 17 17
46 1 11 34 60 97 31 69 69 52 52 17 17
47 53 15 5 80 1 90 69 69 52 52 17 17
48 100 45 51 49 46 42 69 69 52 52 17 17
49 5 80 69 96 75 54 69 69 52 52 17 17
