3 50
1217 1331 1222
0 51 85 88 88 57 16 -80 -34 87 41 42 -9
1 50 34 25 26 72 63 66 65 -28 -17 -34 60
2 11 65 51 11 16 8 81 37 -56 46 44 87
3 1 52 53 34 17 21 94 -93 40 -74 -90 -5
4 69 33 47 93 53 67 63 51 74 94 15 -37
5 20 11 69 16 77 63 48 -53 -41 63 5 2
6 73 27 84 98 81 40 68 33 20 41 -98 28
7 4 81 47 21 85 94 17 5 90 37 18 -78
8 20 92 29 100 16 77 61 19 -89 85 -97 -93
9 100 92 24 53 83 48 71 80 3 38 -41 -85
10 55 9 88 59 12 34 64 -10 -54 34 32 93
11 41 15 62 30 44 85 -33 -91 -50 71 -12 20
12 69 52 99 80 1 24 70 -25 69 -18 -81 -46
13 46 75 95 53 72 15 34 4 -49 -83 48 71
14 96 46 78 71 12 26 -58 74 20 -60 -84 78
15 65 13 32 61 68 37 98 7 83 -85 -21 43
16 69 70 74 94 46 34 95 19 77 -43 80 -7
17 6 50 28 25 4 55 83 -66 59 34 23 75
18 32 58 21 30 55 28 -24 -61 30 -42 79 32
19 28 55 79 80 83 93 21 -44 -99 -26 -53 -1
20 50 74 65 40 18 50 28 81 -78 11 -76 -65
21 46 92 11 9 16 83 -68 -75 75 -71 -7 98
22 38 67 64 53 96 95 -75 -62 -8 97 2 31
23 94 7 98 21 42 71 -67 40 -94 10 -4 16
24 5 48 100 27 74 35 17 -96 34 55 56 -9
25 14 13 25 7 54 7 28 81 25 84 -3 89
26 93 29 60 83 96 1 -58 19 55 93 -2 85
27 90 58 31 39 55 81 31 69 -53 7 -38 -17
28 17 91 60 70 26 21 -86 -38 -60 -58 67 -76
29 7 8 85 59 19 49 52 -23 -24 -61 -5 79
30 45 69 34 27 12 84 13 64 -96 92 -87 87
31 77 17 35 91 70 51 -67 30 -76 97 -7 70
32 72 87 91 83 38 20 61 -14 -38 36 -66 -46
33 85 99 35 55 61 85 72 34 94 97 12 -44
34 30 27 64 71 67 49 100 -90 -61 -65 -96 61
35 10 33 69 74 38 40 32 70 19 19 -5 -69
36 54 27 98 28 59 96 -11 36 34 -1 4 -56
37 98 97 18 62 79 75 -91 -31 41 -26 89 -39
38 56 44 63 28 64 92 3 65 -50 -14 79 71
39 100 28 90 90 42 63 -39 -25 -26 63 70 -46
40 78 22 33 76 55 35 -75 -66 87 -10 13 87
41 92 77 43 83 6 50 -41 -31 16 -1 -3 5
42 39 97 13 52 15 53 -10 68 -18 -8 -75 8
43 87 28 56 9 41 40 47 -67 -85 30 -95 67
44 77 38 90 96 88 42 20 47 -64 28 -45 37
45 51 19 73 19 60 16 10 -29 -70 14 -48 -75
46 32 69 98 59 67 36 74 57 25 69 -53 21
47 69 17 37 26 62 69 -98 -14 10 36 79 74
48 59 16 54 16 82 1 -13 -83 0 82 5 -41
49 67 22 79 86 82 26 9 -76 92 -7 -75 -87
