3 50
1255 1170 1293
0 34 73 49 37 98 98 83 64 45 94 15 7
1 100 63 82 51 8 60 55 45 100 8 80 94
2 8 1 84 91 69 81 58 29 61 98 84 80
3 69 60 17 73 88 65 93 49 55 91 42 97
4 64 74 55 64 9 54 70 24 29 73 28 60
5 39 61 20 44 53 96 37 73 29 34 64 10
6 73 64 57 100 67 3 96 36 8 80 91 68
7 9 35 60 56 61 27 21 10 9 78 76 81
8 56 35 32 100 54 89 13 71 80 74 54 62
9 22 49 2 64 11 94 78 85 38 21 63 35
10 43 69 16 36 2 51 17 79 86 73 89 36
11 66 42 71 4 11 83 86 87 59 21 61 41
12 7 76 41 76 35 14 6 44 31 94 33 74
13 52 57 68 51 89 7 38 43 21 94 24 87
14 92 68 63 22 68 30 3 87 15 70 16 73
15 23 39 22 7 27 84 77 42 25 97 20 97
16 96 89 5 25 67 52 49 59 8 70 73 34
17 62 52 44 4 26 38 22 29 12 14 71 36
18 47 61 8 2 66 91 39 79 89 1 70 55
19 77 4 60 73 61 63 78 47 44 34 87 51
20 78 67 13 76 51 23 78 22 5 78 4 21
21 28 10 69 58 54 41 33 89 30 94 69 64
22 90 26 60 9 44 67 80 89 52 75 35 7
23 46 91 18 50 43 24 5 59 43 44 8 21
24 17 35 72 42 100 85 50 82 67 33 9 96
25 80 36 15 55 13 20 12 25 92 41 44 10
26 95 96 5 5 38 34 6 2 62 11 11 60
27 63 53 34 60 57 31 79 26 69 43 23 85
28 56 5 63 19 92 31 39 70 79 60 45 10
29 90 52 1 23 13 93 4 6 21 96 87 47
30 19 89 59 90 43 69 61 20 5 34 69 98
31 42 12 52 48 29 75 70 8 35 78 6 56
32 4 37 71 90 13 17 54 2 70 67 48 44
33 13 15 45 32 5 16 51 21 99 5 3 59
34 71 3 83 62 73 75 40 8 57 63 19 44
35 13 91 89 17 14 50 17 99 45 100 57 9
36 3 64 92 78 3 60 84 48 47 93 55 95
37 63 66 72 24 63 9 36 14 96 83 91 33
38 58 65 16 46 19 52 99 30 53 32 50 46
39 76 92 37 40 88 47 14 62 96 2 41 29
40 18 65 8 37 49 64 68 55 56 26 62 81
41 53 55 13 22 30 32 33 15 37 59 81 67
42 23 49 96 87 66 40 6 79 44 65 70 52
43 22 21 94 20 73 75 97 33 88 75 6 87
44 83 10 10 40 52 43 53 13 77 68 14 38
45 87 93 45 40 82 67 69 89 84 61 51 7
46 30 22 8 64 90 37 38 27 100 57 19 56
47 2 47 71 34 56 78 35 40 87 60 61 20
48 13 24 25 15 14 14 22 51 15 83 27 20
49 75 47 3 78 82 38 55 61 16 67 26 15
