3 50
1170 1339 1337
0 10 5 36 14 40 51 74 74 8 8 16 16
1 39 6 72 51 79 28 74 74 8 8 16 16
2 90 2 21 30 18 19 74 74 8 8 16 16
3 76 25 57 78 2 88 74 74 8 8 16 16
4 13 4 28 73 73 53 74 74 8 8 16 16
5 27 55 4 27 86 7 74 74 8 8 16 16
6 9 36 94 39 4 34 74 74 8 8 16 16
7 32 95 21 79 96 89 74 74 8 8 16 16
8 59 32 74 18 80 98 74 74 8 8 16 16
9 15 9 81 61 57 63 74 74 8 8 16 16
10 32 46 57 87 28 31 74 74 8 8 16 16
11 23 53 38 9 35 63 74 74 8 8 16 16
12 81 20 57 15 8 55 74 74 8 8 16 16
13 20 19 40 33 47 29 74 74 8 8 16 16
14 96 15 74 26 3 57 74 74 8 8 16 16
15 53 43 81 28 23 20 74 74 8 8 16 16
16 38 59 22 3 49 57 74 74 8 8 16 16
17 54 38 42 88 95 75 74 74 8 8 16 16
18 42 15 7 88 22 41 74 74 8 8 16 16
19 32 67 83 61 52 19 74 74 8 8 16 16
20 82 95 29 86 26 70 74 74 8 8 16 16
21 60 96 57 89 62 44 74 74 8 8 16 16
22 49 61 65 22 66 40 74 74 8 8 16 16
23 90 33 84 86 99 87 74 74 8 8 16 16
24 71 45 61 3 58 38 74 74 8 8 16 16
25 69 40 71 17 6 41 74 74 8 8 16 16
26 35 77 17 78 6 94 74 74 8 8 16 16
27 46 23 8 80 92 64 74 74 8 8 16 16
28 43 19 38 29 67 24 74 74 8 8 16 16
29 44 49 36 95 97 68 74 74 8 8 16 16
30 72 62 14 97 44 46 74 74 8 8 16 16
31 60 91 89 36 85 32 74 74 8 8 16 16
32 1 36 81 99 35 99 74 74 8 8 16 16
33 78 11 23 61 75 88 74 74 8 8 16 16
34 80 94 54 69 77 64 74 74 8 8 16 16
35 96 15 63 53 66 92 74 74 8 8 16 16
36 38 67 83 30 55 43 74 74 8 8 16 16
37 33 99 80 97 22 94 74 74 8 8 16 16
38 90 28 91 24 87 3 74 74 8 8 16 16
39 93 67 71 66 5 84 74 74 8 8 16 16
40 86 57 94 34 34 46 74 74 8 8 16 16
41 22 38 95 2 76 39 74 74 8 8 16 16
42 99 93 61 62 17 78 74 74 8 8 16 16
43 15 50 72 21 93 69 74 74 8 8 16 16
44 41 95 59 58 16 85 74 74 8 8 16 16
45 35 84 13 73 25 18 74 74 8 8 16 16
46 62 15 60 21 40 87 74 74 8 8 16 16
47 8 3 88 91 33 3 74 74 8 8 16 16
48 5 94 12 95 43 28 74 74 8 8 16 16
49 61 59 70 97 52 29 74 74 8 8 16 16
