3 50
1633 1944 2280
0 60 66 58 42 8 71 87 72 32 95 68 38
1 86 45 94 62 85 77 50 63 38 22 100 60
2 90 93 51 76 50 15 37 93 69 22 67 8
3 15 2 66 72 2 100 2 43 80 28 27 30
4 33 3 11 10 74 39 92 95 49 52 53 38
5 25 35 55 40 55 88 10 12 94 87 17 75
6 74 56 25 46 71 78 66 89 95 16 37 11
7 47 4 14 66 35 15 36 95 43 34 6 34
8 38 69 71 79 22 70 55 100 25 97 7 92
9 30 66 44 10 28 32 59 95 40 99 6 13
10 71 14 20 95 26 41 20 59 7 1 93 85
11 50 32 83 10 78 91 22 33 56 67 14 45
12 23 34 97 33 62 60 91 94 65 66 100 72
13 99 36 68 100 12 96 74 13 64 7 71 53
14 28 74 68 21 85 2 61 13 30 91 94 100
15 83 99 63 53 91 37 39 58 67 57 3 55
16 85 76 31 21 72 5 71 50 15 31 34 69
17 48 50 64 4 8 38 55 88 21 69 85 27
18 92 12 9 22 7 45 61 36 62 87 11 49
19 19 88 100 23 34 83 58 73 37 31 55 94
20 45 39 96 30 71 33 63 43 9 15 5 22
21 51 1 12 68 84 55 81 67 19 20 48 70
22 19 26 24 49 3 53 18 66 39 90 10 79
23 65 80 9 19 30 70 6 3 62 35 21 85
24 85 39 78 27 8 88 64 45 69 16 29 41
25 47 60 45 65 17 65 64 84 35 23 3 72
26 98 19 79 52 1 54 87 27 58 34 41 3
27 77 48 29 25 18 81 100 68 38 85 67 10
28 33 41 58 100 24 8 81 20 4 62 43 88
29 38 85 95 45 21 11 72 25 39 8 43 81
30 61 3 45 28 59 71 81 93 82 69 36 60
31 88 52 75 78 36 88 98 91 49 74 19 20
32 26 96 32 11 100 74 95 17 5 30 41 91
33 29 27 94 8 94 75 36 88 17 74 95 80
34 6 4 68 66 30 76 17 59 2 9 53 69
35 35 34 13 87 35 29 70 64 81 79 31 58
36 31 22 40 2 54 18 42 37 46 66 7 83
37 98 23 9 53 19 70 9 43 15 55 78 58
38 99 66 23 10 25 98 19 51 37 11 11 57
39 98 80 65 56 68 47 23 10 85 76 20 39
40 45 35 39 25 86 22 42 24 19 83 54 44
41 12 19 5 42 2 32 72 85 19 87 37 29
42 4 28 48 48 7 100 59 79 35 63 13 29
43 67 15 97 93 22 82 99 45 78 46 65 98
44 94 34 17 76 16 59 70 56 84 72 2 80
45 23 13 76 51 92 87 86 17 98 70 69 55
46 95 9 44 79 93 69 14 26 74 39 13 37
47 31 4 97 96 92 44 42 51 45 21 1 12
48 65 65 59 65 70 28 34 35 92 94 69 24
49 22 21 93 91 94 81 57 26 14 28 77 63
