3 50
1936 1828 1828
0 89 60 35 62 84 14 66 66 32 32 24 24
1 24 44 68 79 23 76 66 66 32 32 24 24
2 27 54 73 93 80 80 66 66 32 32 24 24
3 27 86 92 17 1 20 66 66 32 32 24 24
4 5 71 44 51 50 45 66 66 32 32 24 24
5 81 33 45 34 31 3 66 66 32 32 24 24
6 81 45 72 7 69 90 66 66 32 32 24 24
7 93 48 52 59 69 60 66 66 32 32 24 24
8 16 21 60 13 28 39 66 66 32 32 24 24
9 98 66 25 54 38 56 66 66 32 32 24 24
10 4 62 44 6 71 46 66 66 32 32 24 24
11 47 67 87 12 84 13 66 66 32 32 24 24
12 2 10 12 37 74 21 66 66 32 32 24 24
13 98 50 53 81 77 9 66 66 32 32 24 24
14 38 20 43 30 10 68 66 66 32 32 24 24
15 38 89 71 51 25 49 66 66 32 32 24 24
16 84 75 91 4 73 62 66 66 32 32 24 24
17 86 43 51 69 91 90 66 66 32 32 24 24
18 81 35 79 57 8 71 66 66 32 32 24 24
19 20 56 80 4 18 42 66 66 32 32 24 24
20 83 99 15 66 48 47 66 66 32 32 24 24
21 91 70 100 45 96 12 66 66 32 32 24 24
22 84 14 77 69 23 79 66 66 32 32 24 24
23 75 65 98 76 49 10 66 66 32 32 24 24
24 31 89 21 78 33 1 66 66 32 32 24 24
25 76 44 28 37 24 97 66 66 32 32 24 24
26 92 6 80 25 17 70 66 66 32 32 24 24
27 49 18 24 53 71 85 66 66 32 32 24 24
28 51 68 21 19 23 44 66 66 32 32 24 24
29 28 82 3 51 77 31 66 66 32 32 24 24
30 96 73 42 16 81 61 66 66 32 32 24 24
31 72 84 12 29 59 26 66 66 32 32 24 24
32 76 41 90 5 17 70 66 66 32 32 24 24
33 4 18 92 99 43 22 66 66 32 32 24 24
34 79 61 55 52 10 55 66 66 32 32 24 24
35 25 26 93 42 25 65 66 66 32 32 24 24
36 61 98 33 33 15 25 66 66 32 32 24 24
37 41 83 40 35 62 2 66 66 32 32 24 24
38 16 23 1 70 29 53 66 66 32 32 24 24
39 32 25 85 68 84 31 66 66 32 32 24 24
40 95 20 11 56 42 11 66 66 32 32 24 24
41 14 9 44 7 75 12 66 66 32 32 24 24
42 81 51 85 70 76 38 66 66 32 32 24 24
43 48 36 66 58 66 6 66 66 32 32 24 24
44 29 51 73 25 89 90 66 66 32 32 24 24
45 3 9 99 64 64 39 66 66 32 32 24 24
46 64 28 22 33 50 93 66 66 32 32 24 24
47 72 20 94 89 36 69 66 66 32 32 24 24
48 72 34 8 35 97 39 66 66 32 32 24 24
49 62 41 7 61 10 48 66 66 32 32 24 24
