3 50
503 524 450
0 39 1 38 98 78 72 -41 -14 -12 36 61 -40
1 91 73 39 67 3 3 -28 21 97 31 -70 81
2 51 88 83 40 7 93 100 -88 -32 54 -58 -44
3 66 99 19 66 76 52 49 3 -42 -3 94 8
4 12 91 62 12 54 98 56 39 38 58 -66 0
5 45 50 10 31 40 31 84 83 7 -90 44 -28
6 7 87 99 20 6 28 -64 44 84 -83 8 67
7 94 93 86 20 87 53 44 -30 3 44 54 74
8 10 7 40 32 53 31 -61 -31 -26 83 -58 -11
9 34 4 94 80 79 35 38 -52 -23 -60 -47 68
10 11 95 68 63 70 61 -50 -36 10 94 64 46
11 97 99 75 55 87 57 -88 78 2 -8 97 -61
12 59 17 46 49 76 44 10 60 -65 14 -91 -86
13 66 94 44 81 79 40 -75 64 22 60 -54 27
14 64 17 3 18 4 35 -21 -43 70 -98 -4 97
15 92 22 58 99 2 18 -90 45 -35 20 63 51
16 4 13 21 79 64 53 34 50 -99 -53 40 -53
17 17 86 20 77 13 29 -34 19 -62 79 -70 51
18 17 16 61 41 93 9 68 -2 67 99 -37 -67
19 28 3 12 43 58 38 -40 -37 -47 -99 -64 43
20 37 96 72 27 4 53 -17 -15 41 48 -37 -99
21 34 20 95 70 3 48 -60 -79 71 -92 -27 3
22 11 9 62 97 51 98 -78 51 35 30 -92 50
23 3 60 42 3 38 90 42 21 17 -76 -34 70
24 80 37 13 56 38 41 -80 -57 91 -28 -66 51
25 2 3 68 49 96 54 22 -95 37 -20 90 47
26 8 57 23 1 28 33 94 13 -66 -62 -82 10
27 9 43 81 24 44 53 -94 77 -51 -35 -66 -14
28 91 46 97 79 34 32 -27 -23 -65 69 -35 17
29 47 94 48 39 60 99 46 46 28 68 -29 -99
30 66 43 48 68 40 6 25 42 87 -90 59 -93
31 16 73 77 58 38 44 -36 62 69 -5 -89 -20
32 74 39 64 38 64 19 -29 83 -98 -16 89 -62
33 36 41 74 50 3 20 -15 5 82 59 37 -69
34 18 91 68 69 32 70 31 68 75 -18 -26 83
35 42 4 54 87 33 21 -45 -74 49 83 -78 -68
36 30 10 26 52 82 26 -18 -58 87 92 91 37
37 39 66 49 59 100 93 27 -49 -63 17 40 75
38 40 41 14 24 74 81 -68 -74 -70 -24 -24 -72
39 95 53 23 52 74 5 80 -60 -59 -63 -44 15
40 36 63 98 34 4 33 18 -44 -6 44 -7 9
41 43 14 73 86 1 14 -35 -94 -3 -35 -14 -46
42 30 56 27 73 95 49 -94 -3 68 -65 70 8
43 74 22 71 75 57 45 -30 -89 -73 -30 80 50
44 49 88 47 77 16 34 81 -87 90 -41 79 47
45 95 14 46 69 92 24 -40 -13 70 -68 95 89
46 4 96 13 96 73 49 -65 -41 -50 -75 -95 74
47 97 34 98 13 35 67 6 86 -63 21 48 96
48 73 75 66 11 76 36 55 96 -84 -45 41 17
49 26 76 92 16 91 36 -89 26 49 84 28 46
