3 50
1976 2060 2320
0 63 32 50 5 16 57 -59 -41 72 15 49 -98
1 56 97 4 62 23 60 -99 -10 -31 -92 32 80
2 49 49 61 50 23 2 2 -7 0 97 21 89
3 87 52 77 18 13 62 94 88 24 84 59 19
4 67 63 99 26 6 93 -70 -59 -76 -21 -99 -42
5 67 84 90 83 66 40 -9 87 -12 -83 2 53
6 38 24 62 71 92 90 44 56 8 15 24 -39
7 59 82 37 15 62 93 59 -91 29 4 -67 -23
8 6 62 21 98 75 43 -63 -6 58 -11 -50 -22
9 75 11 44 84 67 100 72 60 -12 100 60 53
10 10 2 86 28 82 65 80 -97 97 70 -69 34
11 39 92 6 58 98 78 61 -98 46 15 -88 -71
12 17 96 26 27 59 96 24 -49 -70 56 46 -56
13 22 60 100 2 62 81 24 52 78 51 -82 39
14 20 91 78 69 65 22 12 4 44 -93 68 44
15 78 81 68 74 20 67 -15 -21 34 48 76 -59
16 66 8 57 8 89 69 32 -10 89 -6 29 78
17 19 32 85 10 50 36 -31 -20 -85 29 23 94
18 43 61 98 13 32 41 53 14 -14 -34 -58 -89
19 75 13 10 66 65 73 -67 -16 69 -67 92 79
20 32 48 42 97 8 70 -88 -63 70 -16 -30 -75
21 24 65 98 89 87 5 -63 8 -93 -3 48 -96
22 36 7 12 37 15 63 99 63 -77 -64 54 63
23 59 66 78 45 9 37 -3 -65 -20 58 -54 53
24 19 44 11 9 36 76 65 -56 13 -4 -58 28
25 72 52 25 82 17 92 52 -29 64 -15 -94 95
26 32 77 54 93 19 50 9 -40 -92 56 -21 -79
27 81 2 14 55 70 31 -26 -32 -87 -56 -79 52
28 56 52 79 10 53 51 9 53 -99 -46 55 90
29 93 1 69 89 48 100 65 46 100 63 -96 98
30 57 81 98 43 70 39 2 -28 -83 -28 -87 3
31 61 24 57 71 14 97 -23 42 99 51 30 -67
32 9 94 8 83 91 13 100 35 50 60 91 3
33 66 4 37 41 18 45 15 -35 -59 -82 -81 -80
34 62 51 48 97 76 45 83 -41 -56 81 -4 -87
35 33 44 97 28 40 48 -42 48 -21 82 8 -42
36 9 36 4 69 51 23 -24 -58 13 -14 -56 -48
37 14 99 57 79 69 49 28 -82 -7 -35 36 -84
38 18 33 2 30 63 1 70 -85 -34 31 -25 18
39 52 53 99 16 67 61 42 95 82 80 -55 80
40 78 41 57 41 8 48 -70 -11 -38 79 -99 18
41 53 12 62 86 60 97 9 15 41 62 -85 -90
42 80 19 34 20 23 85 -76 -79 62 37 97 -77
43 95 91 27 55 39 33 -33 75 55 36 50 -86
44 89 54 42 94 43 96 50 35 82 88 8 -84
45 18 49 49 98 77 16 49 -14 -70 -38 100 72
46 21 22 2 23 78 74 54 43 -76 -75 30 47
47 68 27 44 85 13 66 62 -41 3 58 10 -60
48 97 57 49 3 36 99 66 -11 99 -15 45 17
49 63 74 87 41 45 22 -30 -86 -33 6 -45 -82
