3 50
531 499 490
0 55 28 45 24 13 68 29 22 16 14 70 8
1 46 83 89 54 69 20 25 63 39 95 32 18
2 6 96 87 45 79 57 77 51 22 8 46 54
3 42 5 96 47 62 85 8 87 23 7 67 78
4 22 1 65 5 97 39 79 88 1 59 77 85
5 25 65 60 42 44 39 7 29 19 3 27 82
6 40 93 98 52 5 29 32 51 30 95 72 74
7 38 69 61 54 71 47 40 40 12 44 49 100
8 79 82 97 5 32 22 50 63 4 12 31 4
9 94 92 23 90 87 48 13 43 22 80 21 65
10 100 46 31 97 91 72 82 13 59 46 77 74
11 61 23 55 82 83 93 53 67 50 14 84 22
12 51 14 13 77 86 15 78 92 66 3 79 7
13 47 97 43 81 30 85 79 8 5 41 40 79
14 37 99 52 37 29 71 40 78 26 69 64 91
15 43 13 63 69 75 1 79 95 56 59 12 49
16 32 1 11 51 89 84 47 4 62 50 43 51
17 47 53 40 40 54 79 97 47 73 65 95 16
18 67 64 63 79 82 34 55 67 81 24 32 38
19 75 72 42 93 88 11 74 74 85 14 41 67
20 39 90 87 1 63 66 100 21 3 21 59 56
21 51 70 21 8 5 44 1 99 85 50 42 95
22 41 92 10 60 42 34 43 99 50 60 3 49
23 2 37 3 86 25 30 9 85 77 17 55 77
24 96 62 90 8 65 58 81 38 36 73 39 72
25 66 12 14 40 95 57 78 38 37 22 96 36
26 22 35 52 56 15 83 63 50 20 55 99 63
27 50 47 88 33 44 20 33 9 50 72 90 5
28 81 81 17 47 16 90 68 51 42 1 20 76
29 50 84 46 77 3 39 21 94 100 22 89 54
30 100 87 43 54 49 71 32 7 57 89 77 55
31 53 67 25 45 2 21 12 59 6 28 39 77
32 88 27 27 44 50 47 44 21 80 62 95 49
33 81 68 63 40 66 79 34 41 48 26 49 62
34 70 13 36 45 92 4 23 26 65 46 24 99
35 52 96 27 25 85 31 45 49 89 76 10 12
36 20 69 82 45 76 77 8 38 29 40 34 90
37 25 84 45 37 81 41 59 82 43 89 34 60
38 13 28 48 70 80 27 25 10 96 24 47 28
39 13 84 45 2 2 37 17 77 75 47 41 31
40 21 67 8 42 7 4 15 100 5 4 29 88
41 59 39 67 25 82 46 45 90 63 76 64 5
42 88 4 3 99 99 18 5 7 71 53 56 22
43 24 10 27 27 28 83 12 80 53 49 31 2
44 2 93 48 95 8 18 20 33 59 47 19 7
45 61 23 15 65 59 99 29 51 72 88 68 9
46 92 23 99 34 41 88 48 95 6 72 65 90
47 12 47 100 32 6 60 61 63 40 56 48 79
48 50 2 48 96 96 54 34 98 46 54 81 26
49 77 18 83 33 70 25 39 34 8 10 13 43
