3 75
3174 2783 3012
0 44 49 16 1 35 93 8 35 85 6 99 82
1 21 41 96 1 52 36 85 51 56 96 65 10
2 64 24 82 11 67 95 28 96 46 88 17 38
3 49 52 86 86 32 23 97 98 49 13 42 33
4 99 47 66 42 39 59 40 61 82 53 23 98
5 55 1 98 12 93 77 69 89 7 77 65 26
6 80 83 43 57 14 48 24 83 22 90 28 15
7 77 29 31 18 60 27 70 31 38 91 23 75
8 61 23 60 30 29 21 46 99 11 70 49 38
9 61 2 33 28 39 40 85 85 100 3 37 12
10 65 16 73 77 20 62 52 84 21 71 59 82
11 38 1 53 55 39 61 80 15 80 38 35 2
12 56 70 65 30 27 91 68 62 53 11 2 39
13 85 73 7 75 57 10 75 41 76 10 6 35
14 99 71 25 98 67 75 26 29 25 97 13 33
15 20 92 56 15 63 81 57 12 90 14 38 1
16 96 79 31 7 62 24 100 67 30 70 97 92
17 3 73 47 28 20 93 35 32 89 90 46 48
18 39 71 55 13 6 65 2 22 21 100 47 23
19 14 62 90 38 93 62 11 99 100 100 47 19
20 94 96 64 23 39 98 20 76 26 70 4 37
21 5 27 48 4 11 16 42 37 79 71 58 6
22 33 41 25 57 84 17 94 28 68 57 21 57
23 50 77 31 75 27 55 91 90 30 72 50 48
24 10 86 88 51 90 52 32 80 75 7 82 23
25 53 24 73 13 42 14 53 68 71 9 7 32
26 66 73 46 31 40 1 68 18 91 78 14 6
27 37 86 19 60 42 39 46 16 46 86 20 65
28 63 87 76 95 65 23 67 15 37 4 100 37
29 89 80 53 90 76 49 49 13 25 35 59 67
30 18 25 40 19 76 100 52 79 66 20 32 61
31 82 98 27 26 36 84 72 65 61 82 62 49
32 2 79 32 30 12 41 81 58 37 25 91 55
33 15 22 43 14 43 70 86 82 1 64 69 8
34 90 74 31 41 93 59 81 87 6 60 87 93
35 37 32 75 7 5 20 8 98 82 18 67 100
36 69 39 66 60 81 71 12 88 66 65 23 34
37 5 39 32 8 95 27 91 79 60 87 97 96
38 52 87 27 3 61 53 29 22 100 55 28 93
39 32 85 53 75 41 44 83 25 59 64 66 24
40 5 51 89 21 73 4 87 85 64 54 55 65
41 63 83 10 50 51 73 38 57 97 65 47 66
42 20 81 91 67 65 81 16 35 67 87 87 45
43 33 61 99 29 88 7 95 57 6 24 68 46
44 52 33 62 86 91 22 42 23 13 19 51 83
45 28 69 54 86 1 69 67 55 97 54 77 38
46 46 64 47 25 92 13 36 16 41 47 10 55
47 84 10 42 82 96 40 4 51 24 89 96 54
48 10 66 8 63 2 81 79 13 77 60 29 25
49 93 58 87 87 100 61 76 33 3 65 39 71
50 27 99 27 63 6 62 31 85 78 34 49 28
51 68 20 58 31 100 65 64 64 40 34 49 94
52 9 73 53 66 29 1 99 88 85 72 49 92
53 94 13 41 60 100 67 70 16 20 28 29 7
54 75 12 9 80 57 29 5 64 90 7 14 40
55 4 7 31 64 13 88 98 45 21 2 37 20
56 95 59 47 47 100 55 55 20 10 8 86 40
57 69 53 99 47 49 46 80 68 86 68 61 62
58 43 9 58 59 19 68 27 7 77 8 88 64
59 38 18 30 69 44 51 64 37 9 49 82 60
60 22 76 31 25 14 51 81 12 25 39 34 25
61 86 68 79 24 48 45 74 85 14 75 38 31
62 39 77 100 25 40 67 32 30 76 21 70 54
63 24 26 25 78 90 31 62 8 21 9 74 93
64 15 15 29 55 62 82 87 74 44 54 95 17
65 66 69 41 65 41 41 28 87 16 4 49 15
66 16 62 19 80 95 95 41 8 40 6 60 6
67 74 61 60 98 29 83 83 81 11 56 72 96
68 83 75 28 77 70 25 31 41 84 93 7 77
69 8 5 73 51 55 44 3 89 38 35 19 25
70 17 63 55 19 72 61 16 71 83 74 93 80
71 90 75 51 61 98 6 55 46 59 38 69 46
72 25 2 93 66 3 10 8 99 18 86 79 53
73 68 94 51 45 35 54 13 26 2 2 34 66
74 12 45 9 24 41 12 3 82 46 11 44 1
