3 75
874 753 734
0 19 13 52 17 5 17 74 74 53 53 90 90
1 53 41 1 19 27 15 74 74 53 53 90 90
2 12 18 95 23 51 53 74 74 53 53 90 90
3 23 65 69 34 47 44 74 74 53 53 90 90
4 17 63 90 1 100 3 74 74 53 53 90 90
5 42 80 71 22 18 37 74 74 53 53 90 90
6 50 74 17 13 13 21 74 74 53 53 90 90
7 80 29 1 91 48 43 74 74 53 53 90 90
8 50 22 31 77 75 74 74 74 53 53 90 90
9 19 81 51 27 13 65 74 74 53 53 90 90
10 87 86 7 68 76 71 74 74 53 53 90 90
11 61 73 11 58 75 51 74 74 53 53 90 90
12 14 35 11 89 54 19 74 74 53 53 90 90
13 83 5 11 3 50 93 74 74 53 53 90 90
14 57 66 42 24 59 82 74 74 53 53 90 90
15 56 69 30 64 81 59 74 74 53 53 90 90
16 68 92 37 55 99 80 74 74 53 53 90 90
17 19 86 86 7 37 73 74 74 53 53 90 90
18 24 34 20 70 62 29 74 74 53 53 90 90
19 22 83 91 9 65 17 74 74 53 53 90 90
20 64 35 100 85 96 11 74 74 53 53 90 90
21 51 42 53 47 41 5 74 74 53 53 90 90
22 37 58 47 31 75 73 74 74 53 53 90 90
23 76 91 76 91 64 20 74 74 53 53 90 90
24 79 8 47 29 52 27 74 74 53 53 90 90
25 27 59 24 34 7 38 74 74 53 53 90 90
26 42 55 22 23 81 27 74 74 53 53 90 90
27 33 94 53 14 12 46 74 74 53 53 90 90
28 68 64 46 98 58 76 74 74 53 53 90 90
29 93 54 84 46 19 11 74 74 53 53 90 90
30 31 49 51 52 100 73 74 74 53 53 90 90
31 2 75 63 99 54 68 74 74 53 53 90 90
32 45 43 97 73 82 31 74 74 53 53 90 90
33 9 14 12 81 50 59 74 74 53 53 90 90
34 22 100 93 12 69 4 74 74 53 53 90 90
35 66 69 34 17 30 41 74 74 53 53 90 90
36 67 96 82 78 98 25 74 74 53 53 90 90
37 49 82 68 3 8 53 74 74 53 53 90 90
38 39 23 56 34 31 72 74 74 53 53 90 90
39 28 93 63 93 23 69 74 74 53 53 90 90
40 34 75 63 21 73 30 74 74 53 53 90 90
41 30 56 39 87 33 72 74 74 53 53 90 90
42 16 81 92 99 63 70 74 74 53 53 90 90
43 33 59 61 87 22 76 74 74 53 53 90 90
44 33 70 89 62 52 43 74 74 53 53 90 90
45 95 97 96 100 76 78 74 74 53 53 90 90
46 86 2 87 81 48 37 74 74 53 53 90 90
47 56 86 26 29 27 46 74 74 53 53 90 90
48 98 63 88 22 29 4 74 74 53 53 90 90
49 72 47 6 49 84 14 74 74 53 53 90 90
50 73 72 49 57 72 68 74 74 53 53 90 90
51 18 97 61 86 71 81 74 74 53 53 90 90
52 7 26 81 10 62 39 74 74 53 53 90 90
53 7 40 21 30 45 96 74 74 53 53 90 90
54 73 14 23 66 33 8 74 74 53 53 90 90
55 84 52 36 67 73 99 74 74 53 53 90 90
56 88 67 44 45 30 19 74 74 53 53 90 90
57 47 78 87 30 4 23 74 74 53 53 90 90
58 24 78 31 14 97 3 74 74 53 53 90 90
59 62 17 54 85 61 100 74 74 53 53 90 90
60 22 64 21 59 59 54 74 74 53 53 90 90
61 64 33 41 69 50 6 74 74 53 53 90 90
62 100 42 12 80 21 47 74 74 53 53 90 90
63 82 67 53 32 43 92 74 74 53 53 90 90
64 2 45 61 98 21 71 74 74 53 53 90 90
65 23 82 95 80 37 79 74 74 53 53 90 90
66 45 75 67 54 88 87 74 74 53 53 90 90
67 52 99 86 76 47 48 74 74 53 53 90 90
68 10 48 38 62 36 58 74 74 53 53 90 90
69 18 91 88 38 88 84 74 74 53 53 90 90
70 81 13 61 6 18 19 74 74 53 53 90 90
71 79 56 46 37 34 55 74 74 53 53 90 90
72 93 9 7 88 10 80 74 74 53 53 90 90
73 56 75 93 24 26 31 74 74 53 53 90 90
74 89 78 9 26 99 81 74 74 53 53 90 90
