3 75
1900 1873 1775
0 62 68 35 100 3 85 10 10 3 3 49 49
1 93 93 83 93 2 13 10 10 3 3 49 49
2 4 12 17 40 17 70 10 10 3 3 49 49
3 53 27 28 96 79 93 10 10 3 3 49 49
4 82 58 58 85 38 59 10 10 3 3 49 49
5 5 87 53 26 81 43 10 10 3 3 49 49
6 66 60 11 38 79 5 10 10 3 3 49 49
7 37 96 32 10 19 59 10 10 3 3 49 49
8 42 92 91 67 62 13 10 10 3 3 49 49
9 10 60 93 5 88 27 10 10 3 3 49 49
10 83 8 53 30 44 89 10 10 3 3 49 49
11 12 17 37 18 74 49 10 10 3 3 49 49
12 59 8 81 37 42 87 10 10 3 3 49 49
13 85 95 41 35 21 84 10 10 3 3 49 49
14 37 49 89 45 91 7 10 10 3 3 49 49
15 22 96 83 21 60 24 10 10 3 3 49 49
16 90 83 63 6 15 16 10 10 3 3 49 49
17 78 4 21 65 56 74 10 10 3 3 49 49
18 82 20 50 100 3 99 10 10 3 3 49 49
19 54 35 17 38 36 69 10 10 3 3 49 49
20 40 85 11 43 95 30 10 10 3 3 49 49
21 92 75 7 29 87 33 10 10 3 3 49 49
22 55 54 6 59 78 75 10 10 3 3 49 49
23 61 57 20 53 22 7 10 10 3 3 49 49
24 87 15 17 62 54 27 10 10 3 3 49 49
25 72 92 63 86 13 72 10 10 3 3 49 49
26 19 18 10 63 43 23 10 10 3 3 49 49
27 10 38 32 10 37 89 10 10 3 3 49 49
28 49 66 25 75 48 18 10 10 3 3 49 49
29 30 27 31 81 64 29 10 10 3 3 49 49
30 43 11 24 95 24 55 10 10 3 3 49 49
31 15 39 40 60 34 27 10 10 3 3 49 49
32 32 47 4 81 6 95 10 10 3 3 49 49
33 58 45 41 31 50 7 10 10 3 3 49 49
34 38 72 100 44 91 26 10 10 3 3 49 49
35 82 10 84 85 33 21 10 10 3 3 49 49
36 50 25 8 93 88 82 10 10 3 3 49 49
37 80 81 33 54 74 1 10 10 3 3 49 49
38 66 80 56 47 73 33 10 10 3 3 49 49
39 86 20 88 43 19 23 10 10 3 3 49 49
40 1 42 60 65 68 12 10 10 3 3 49 49
41 96 93 24 54 48 47 10 10 3 3 49 49
42 31 55 99 7 75 43 10 10 3 3 49 49
43 1 9 64 9 84 51 10 10 3 3 49 49
44 73 37 47 88 77 19 10 10 3 3 49 49
45 51 100 28 58 87 54 10 10 3 3 49 49
46 81 50 6 17 54 60 10 10 3 3 49 49
47 54 99 95 95 29 97 10 10 3 3 49 49
48 19 67 80 11 62 43 10 10 3 3 49 49
49 29 58 97 61 85 41 10 10 3 3 49 49
50 7 42 10 59 87 67 10 10 3 3 49 49
51 91 20 67 35 84 30 10 10 3 3 49 49
52 64 2 89 21 91 96 10 10 3 3 49 49
53 63 52 22 44 62 74 10 10 3 3 49 49
54 85 90 44 80 12 41 10 10 3 3 49 49
55 2 87 58 29 21 40 10 10 3 3 49 49
56 98 23 86 44 69 55 10 10 3 3 49 49
57 11 99 67 90 93 31 10 10 3 3 49 49
58 41 41 29 65 82 39 10 10 3 3 49 49
59 3 23 93 71 62 87 10 10 3 3 49 49
60 75 16 16 15 44 64 10 10 3 3 49 49
61 22 13 85 4 100 20 10 10 3 3 49 49
62 13 41 22 64 9 37 10 10 3 3 49 49
63 98 28 71 45 62 86 10 10 3 3 49 49
64 14 99 54 11 24 47 10 10 3 3 49 49
65 69 12 88 49 74 2 10 10 3 3 49 49
66 2 44 72 52 78 42 10 10 3 3 49 49
67 100 20 30 84 72 69 10 10 3 3 49 49
68 65 46 19 69 72 25 10 10 3 3 49 49
69 11 80 76 86 6 86 10 10 3 3 49 49
70 80 2 1 18 75 39 10 10 3 3 49 49
71 39 76 90 31 70 16 10 10 3 3 49 49
72 55 32 97 11 42 42 10 10 3 3 49 49
73 24 79 98 38 100 93 10 10 3 3 49 49
74 36 99 98 17 23 17 10 10 3 3 49 49
