3 75
2014 1958 1884
0 54 96 44 32 97 87 74 60 47 3 61 87
1 43 69 10 8 81 68 94 28 94 41 57 44
2 4 35 18 68 74 96 11 13 17 45 87 76
3 41 7 43 43 68 48 2 35 78 28 17 58
4 26 61 4 92 8 37 15 51 46 37 51 88
5 41 78 11 33 75 52 33 11 47 5 55 54
6 39 5 73 29 52 42 95 19 35 70 78 47
7 34 63 34 85 63 73 49 90 74 96 18 94
8 23 57 30 48 21 87 9 21 3 68 61 92
9 56 25 26 83 75 33 26 72 1 74 35 35
10 54 71 77 28 62 20 65 59 83 78 66 14
11 60 62 33 86 43 87 90 22 70 83 64 75
12 66 70 81 9 58 39 47 73 64 9 21 10
13 36 3 6 49 90 59 51 29 97 11 38 69
14 17 48 65 51 11 13 19 37 90 56 46 78
15 80 32 95 93 18 12 88 98 25 27 80 46
16 72 95 31 60 91 44 45 16 75 71 25 16
17 1 41 21 35 46 22 36 42 25 54 54 53
18 36 100 83 37 13 79 8 8 13 4 81 89
19 34 94 34 71 14 87 83 31 80 47 14 61
20 73 69 60 29 40 25 59 96 86 19 53 87
21 11 94 59 100 44 24 64 59 68 63 47 42
22 21 83 98 2 72 5 85 14 21 9 3 47
23 80 44 98 34 37 39 94 70 4 46 39 82
24 92 15 83 54 45 32 44 12 86 4 57 19
25 75 6 44 100 33 2 5 96 1 25 83 88
26 90 60 88 76 3 70 50 16 75 53 41 57
27 31 99 4 17 57 48 35 45 74 89 25 37
28 7 28 44 17 93 45 76 9 20 35 83 43
29 71 27 45 82 87 73 97 61 28 45 90 78
30 90 20 73 25 44 92 45 95 47 34 86 27
31 12 30 97 42 45 24 34 59 74 17 89 84
32 70 21 22 97 42 81 61 81 96 77 48 36
33 31 74 47 31 53 49 57 96 35 64 67 97
34 72 46 74 81 73 93 63 22 42 83 84 55
35 2 83 16 50 13 91 100 2 94 79 20 44
36 48 26 24 73 78 40 68 24 12 75 48 77
37 40 68 90 90 82 19 57 99 98 85 53 87
38 16 83 46 34 12 16 34 20 52 37 58 91
39 54 88 9 79 67 36 54 65 84 63 35 97
40 46 87 69 18 44 15 83 99 5 94 64 5
41 54 80 40 63 26 81 12 51 90 42 20 49
42 71 38 47 36 79 76 43 88 17 95 81 34
43 37 13 39 92 83 55 65 42 89 98 98 88
44 7 17 91 11 82 87 19 32 77 97 28 96
45 27 83 38 55 18 39 43 47 7 83 36 90
46 40 19 85 48 41 23 17 52 69 46 35 32
47 40 77 8 90 1 99 6 63 31 68 10 33
48 55 48 68 63 21 69 14 75 57 37 52 30
49 84 46 77 73 9 13 55 74 74 77 91 100
50 31 9 61 1 40 60 67 92 4 55 69 59
51 71 47 79 11 38 62 95 53 52 53 52 27
52 24 100 44 54 1 23 16 83 43 83 36 74
53 42 36 67 84 23 23 31 47 15 57 27 26
54 67 42 81 91 71 43 60 91 57 83 56 35
55 80 54 71 46 32 48 53 14 77 15 75 5
56 82 69 57 55 18 98 22 50 19 31 61 98
57 82 85 48 2 9 39 62 74 77 68 88 58
58 67 35 1 97 2 85 38 38 38 59 96 54
59 27 16 96 1 71 42 87 64 46 93 2 86
60 75 32 5 66 85 51 94 83 32 92 26 11
61 81 25 79 77 78 5 33 77 35 72 13 58
62 60 69 78 46 56 46 80 57 50 67 25 15
63 8 62 46 40 100 22 48 52 91 70 18 88
64 25 69 32 45 23 36 31 86 1 8 98 29
65 74 56 47 11 63 96 51 58 62 58 56 70
66 1 84 73 4 53 37 78 91 69 67 15 49
67 17 32 76 39 49 76 50 65 79 45 83 13
68 69 45 59 97 67 37 43 67 61 9 67 83
69 29 92 52 59 91 58 14 25 56 20 1 28
70 97 54 69 57 59 21 73 13 87 75 11 13
71 73 45 3 37 7 43 32 84 95 59 88 14
72 64 68 51 74 93 87 47 39 20 18 96 21
73 21 91 3 64 45 4 82 68 55 77 77 5
74 7 28 41 56 56 81 65 90 80 28 55 93
