3 75
1877 1859 1871
0 63 97 22 50 23 94 -14 68 94 98 8 -76
1 26 75 41 36 41 93 -50 64 90 -52 -78 -62
2 28 5 5 79 65 77 5 34 39 4 89 97
3 48 90 70 19 61 99 14 -59 -17 32 -10 -74
4 57 2 57 80 52 45 -94 87 64 -39 52 11
5 92 38 87 51 83 95 96 28 86 -95 83 -30
6 25 32 43 18 32 72 3 -82 -55 99 -90 -42
7 30 18 12 26 80 42 -11 -80 0 -79 -64 -43
8 44 71 63 74 38 100 55 17 90 -7 -79 -27
9 94 70 1 2 69 66 -76 -45 -84 30 -19 -25
10 96 46 31 27 54 22 1 -11 91 -54 33 38
11 26 96 96 54 32 28 -41 -25 -16 -3 98 91
12 46 89 40 38 49 81 -40 45 -38 -28 29 -11
13 77 24 63 9 14 35 -7 4 20 -2 73 39
14 27 9 84 23 56 100 -2 34 12 -42 -19 44
15 58 45 30 40 95 47 -31 46 83 -48 -69 -22
16 28 21 54 35 62 12 -92 24 -92 24 76 -10
17 2 44 20 92 31 91 20 -67 -15 -55 -55 -10
18 49 83 78 58 22 35 53 15 -2 -51 74 64
19 93 61 72 96 33 48 79 74 -48 -40 -62 -10
20 54 36 45 87 67 41 40 76 28 5 -2 32
21 99 31 92 35 96 96 86 71 -89 -38 17 -17
22 73 63 89 27 22 52 -35 -16 92 99 -69 78
23 19 50 75 31 29 3 -99 -84 -59 -78 -23 15
24 81 38 4 93 45 35 -72 -6 44 -38 65 -70
25 49 78 21 6 13 84 50 27 8 93 -69 -86
26 83 5 80 40 62 62 78 43 -68 4 -61 -72
27 51 60 13 24 11 38 -40 -23 -45 -8 -42 -62
28 80 52 63 58 98 35 -79 -71 33 67 64 -50
29 17 41 71 53 100 58 24 -93 -29 -19 60 -23
30 34 20 97 12 57 61 67 51 -82 19 -39 -67
31 90 26 4 68 4 2 36 75 59 64 84 -12
32 52 63 39 1 97 18 -35 2 -8 -93 24 -15
33 46 7 20 29 2 84 44 -51 97 54 8 -48
34 98 95 25 49 28 99 -13 46 -42 70 85 76
35 61 8 65 78 84 79 -72 -56 6 -57 41 20
36 100 69 86 74 75 83 62 84 -31 41 -18 -86
37 53 25 50 40 29 50 -54 -48 -33 -51 -8 -69
38 82 16 98 82 36 59 71 59 -17 -98 92 51
39 99 79 36 23 78 28 2 -94 28 82 16 -71
40 68 43 22 30 48 10 -49 -80 96 -51 -11 10
41 6 90 46 77 32 63 -17 -88 -63 7 -69 -10
42 24 14 7 58 54 22 10 -6 -40 -20 -43 21
43 66 4 43 91 60 89 -99 35 64 -24 27 28
44 79 95 45 8 90 37 31 -93 -2 23 -88 34
45 25 99 34 75 53 39 78 -42 50 -75 81 42
46 59 63 57 74 10 74 29 -81 -95 89 -29 72
47 91 3 73 30 69 5 95 -39 -47 -59 5 -64
48 30 41 45 71 42 88 -37 -35 -21 10 3 84
49 12 82 78 55 26 10 38 -43 93 -16 65 -85
50 98 56 64 59 99 41 1 18 -83 -74 67 -70
51 81 7 88 38 52 35 66 -67 -83 39 73 13
52 58 12 86 49 24 36 53 -29 62 62 97 44
53 98 66 12 13 79 15 -52 -54 -20 81 -35 -84
54 94 72 33 79 99 99 0 97 -90 -94 -13 -80
55 69 87 97 98 96 52 -32 89 92 -52 95 -91
56 17 84 44 73 91 60 -87 -29 -71 -28 -65 -80
57 80 31 54 85 77 28 44 -11 39 18 -83 86
58 53 12 65 54 59 6 -36 -41 91 58 -55 32
59 56 90 57 37 43 15 -70 -58 94 17 41 -57
60 70 33 29 48 74 59 -78 -11 66 -19 83 -37
61 55 34 6 81 65 63 31 100 33 -37 98 -14
62 64 3 72 91 89 17 -91 -39 -40 11 -60 54
63 79 15 57 47 29 100 -92 42 -57 75 73 78
64 48 97 31 35 56 21 -69 28 66 -61 -80 97
65 82 87 99 20 61 52 4 -52 71 -50 -99 45
66 75 86 86 38 99 51 5 94 -62 -7 -65 -36
67 84 56 17 94 30 12 -44 28 16 -60 -52 56
68 48 99 89 47 34 35 92 -64 93 -34 -41 69
69 18 11 31 32 45 44 -10 57 94 25 19 -65
70 28 88 90 85 87 6 4 -9 74 66 13 -84
71 71 41 86 70 24 34 -78 34 33 11 24 43
72 96 46 12 10 63 27 -74 -13 -45 45 -67 -75
73 91 62 46 28 48 3 -29 -25 55 -41 53 15
74 53 68 64 22 22 46 7 -5 40 70 42 -35
