3 75
700 753 857
0 93 42 40 32 60 9 76 37 47 74 96 45
1 88 69 86 33 68 53 76 30 73 88 25 46
2 47 55 56 25 87 60 67 62 33 56 78 29
3 96 52 33 95 30 64 19 10 25 96 1 83
4 43 3 70 50 34 69 96 32 7 42 42 39
5 21 26 3 1 42 70 62 41 55 37 93 38
6 52 85 17 66 57 29 31 95 93 67 74 19
7 87 13 33 49 90 78 83 67 85 63 23 94
8 34 71 60 27 100 91 98 73 36 100 32 67
9 28 47 54 68 60 66 20 6 58 91 1 38
10 38 79 38 83 84 62 79 66 97 38 50 28
11 97 37 35 22 79 85 16 18 24 91 21 43
12 54 80 28 65 32 73 56 27 88 23 18 30
13 79 27 22 31 51 31 61 54 71 33 34 66
14 56 7 13 31 4 94 70 81 25 27 64 98
15 38 33 17 43 77 61 68 75 90 97 51 90
16 21 91 98 76 49 29 74 41 92 52 51 74
17 78 4 86 39 62 36 57 90 44 14 27 46
18 37 29 48 8 13 54 38 6 6 36 17 11
19 29 91 37 32 29 49 61 91 88 2 59 40
20 21 53 60 64 87 67 29 38 89 76 19 67
21 43 82 9 89 37 61 65 42 95 59 78 67
22 65 1 40 1 41 54 39 75 57 74 2 28
23 8 79 67 96 50 77 52 38 4 76 67 39
24 30 71 40 14 37 34 34 64 76 2 11 77
25 97 60 37 21 15 2 31 94 27 56 42 25
26 78 64 42 71 18 28 86 70 60 27 62 42
27 72 80 93 7 8 49 29 82 60 85 90 37
28 49 62 46 1 46 69 51 10 23 100 75 87
29 49 84 88 50 3 82 32 76 99 49 51 3
30 9 39 4 60 14 32 14 2 100 5 88 36
31 4 14 54 31 11 63 23 18 78 79 46 59
32 65 83 67 4 70 92 49 22 23 99 47 75
33 99 50 6 63 68 66 16 42 5 75 90 84
34 13 16 62 88 21 30 23 46 3 93 38 6
35 14 45 65 19 47 61 19 70 83 95 57 99
36 84 70 62 73 84 85 24 83 30 11 54 35
37 28 46 74 76 75 73 34 82 9 91 1 47
38 8 24 15 81 76 21 81 92 53 68 34 24
39 34 17 100 23 78 100 62 69 56 62 59 3
40 57 1 90 44 84 76 72 35 10 34 44 5
41 63 43 76 15 48 17 82 49 2 38 12 12
42 6 24 86 72 41 59 8 56 96 91 22 51
43 10 84 100 91 93 95 93 45 44 99 69 15
44 55 85 49 32 84 85 77 88 39 68 99 85
45 3 36 64 84 6 12 40 87 10 95 14 35
46 45 32 50 12 91 77 23 90 69 69 79 7
47 69 42 19 57 27 4 79 28 49 32 27 38
48 64 4 9 95 45 39 65 12 17 25 92 56
49 14 5 7 62 30 98 9 18 11 46 2 41
50 69 12 25 38 51 94 91 94 54 52 40 34
51 25 37 24 78 13 6 88 15 71 19 23 46
52 95 19 3 86 47 79 40 38 38 78 4 87
53 71 34 45 18 7 51 7 55 83 84 73 38
54 32 6 68 44 61 83 38 32 14 63 54 79
55 94 11 88 58 53 57 77 5 98 49 42 71
56 59 83 52 21 14 11 18 52 70 4 48 55
57 15 81 64 57 48 39 86 42 54 97 28 3
58 38 63 12 39 20 55 74 17 89 76 33 80
59 86 3 55 31 37 64 95 77 74 52 45 41
60 71 97 86 80 25 4 98 78 79 33 64 63
61 93 98 74 64 94 35 93 54 44 27 35 34
62 78 64 13 100 49 87 92 34 74 26 13 26
63 21 69 68 80 27 25 16 47 43 92 60 25
64 74 54 37 18 29 67 2 45 81 81 83 71
65 1 16 54 99 13 64 84 34 38 44 95 89
66 65 31 50 94 96 93 75 12 29 79 92 59
67 80 30 41 2 94 50 72 96 36 52 11 26
68 90 87 60 52 19 95 82 33 40 79 36 1
69 61 37 85 63 37 24 97 2 23 100 83 77
70 86 91 46 20 75 93 34 56 36 52 30 45
71 34 34 23 84 73 98 63 65 2 64 10 47
72 68 62 63 63 31 63 94 45 55 34 1 13
73 65 29 82 18 19 9 93 19 32 3 80 47
74 89 15 30 88 83 70 59 67 93 15 67 12
