3 75
2844 3020 2964
0 16 93 31 57 62 47 34 34 22 22 69 69
1 40 34 60 48 44 17 34 34 22 22 69 69
2 85 60 67 79 66 34 34 34 22 22 69 69
3 47 5 82 88 69 60 34 34 22 22 69 69
4 38 75 26 68 51 54 34 34 22 22 69 69
5 68 28 93 93 93 26 34 34 22 22 69 69
6 11 92 66 24 80 19 34 34 22 22 69 69
7 35 45 35 35 56 95 34 34 22 22 69 69
8 28 62 8 92 24 25 34 34 22 22 69 69
9 66 63 67 51 86 57 34 34 22 22 69 69
10 96 8 61 78 30 89 34 34 22 22 69 69
11 34 70 74 38 68 53 34 34 22 22 69 69
12 55 84 70 37 62 39 34 34 22 22 69 69
13 29 46 33 80 44 68 34 34 22 22 69 69
14 43 33 78 68 37 42 34 34 22 22 69 69
15 25 31 5 21 9 61 34 34 22 22 69 69
16 44 20 44 5 12 26 34 34 22 22 69 69
17 42 17 9 89 2 99 34 34 22 22 69 69
18 41 83 80 91 31 95 34 34 22 22 69 69
19 84 57 56 19 93 22 34 34 22 22 69 69
20 1 9 88 25 25 25 34 34 22 22 69 69
21 42 39 57 10 68 4 34 34 22 22 69 69
22 90 69 48 94 17 13 34 34 22 22 69 69
23 52 30 48 45 29 10 34 34 22 22 69 69
24 5 48 80 65 10 58 34 34 22 22 69 69
25 28 72 20 20 4 99 34 34 22 22 69 69
26 47 18 94 32 23 15 34 34 22 22 69 69
27 71 75 9 59 57 3 34 34 22 22 69 69
28 56 6 63 1 76 14 34 34 22 22 69 69
29 6 20 3 9 41 75 34 34 22 22 69 69
30 67 90 85 95 23 76 34 34 22 22 69 69
31 73 31 6 41 57 7 34 34 22 22 69 69
32 78 49 97 49 74 66 34 34 22 22 69 69
33 96 60 77 7 93 35 34 34 22 22 69 69
34 99 2 20 17 14 65 34 34 22 22 69 69
35 55 61 7 95 6 72 34 34 22 22 69 69
36 45 12 44 79 41 96 34 34 22 22 69 69
37 59 56 3 4 61 20 34 34 22 22 69 69
38 42 57 35 27 80 74 34 34 22 22 69 69
39 21 24 66 77 18 46 34 34 22 22 69 69
40 72 28 74 27 13 64 34 34 22 22 69 69
41 93 12 86 80 34 26 34 34 22 22 69 69
42 42 87 63 66 67 46 34 34 22 22 69 69
43 9 8 37 21 70 5 34 34 22 22 69 69
44 15 84 71 87 78 1 34 34 22 22 69 69
45 9 59 17 84 45 88 34 34 22 22 69 69
46 30 33 85 74 54 79 34 34 22 22 69 69
47 5 82 58 74 30 67 34 34 22 22 69 69
48 57 29 12 71 89 42 34 34 22 22 69 69
49 49 62 78 5 58 31 34 34 22 22 69 69
50 64 76 22 35 93 64 34 34 22 22 69 69
51 30 79 83 67 76 54 34 34 22 22 69 69
52 90 32 47 77 13 70 34 34 22 22 69 69
53 53 32 74 83 59 48 34 34 22 22 69 69
54 19 52 24 19 43 73 34 34 22 22 69 69
55 73 18 72 31 86 35 34 34 22 22 69 69
56 29 52 88 60 83 66 34 34 22 22 69 69
57 79 89 19 74 34 81 34 34 22 22 69 69
58 33 5 41 17 12 67 34 34 22 22 69 69
59 19 4 77 82 71 81 34 34 22 22 69 69
60 99 4 55 5 49 75 34 34 22 22 69 69
61 1 39 63 72 36 86 34 34 22 22 69 69
62 14 42 84 58 83 14 34 34 22 22 69 69
63 52 90 5 43 65 52 34 34 22 22 69 69
64 30 72 89 15 77 61 34 34 22 22 69 69
65 63 27 69 61 96 13 34 34 22 22 69 69
66 36 29 32 68 23 56 34 34 22 22 69 69
67 34 73 72 23 67 51 34 34 22 22 69 69
68 25 36 87 48 51 44 34 34 22 22 69 69
69 98 47 44 2 21 37 34 34 22 22 69 69
70 57 56 5 13 63 82 34 34 22 22 69 69
71 66 93 35 54 17 16 34 34 22 22 69 69
72 34 50 22 12 70 85 34 34 22 22 69 69
73 28 53 85 97 69 24 34 34 22 22 69 69
74 93 88 16 59 92 20 34 34 22 22 69 69
