3 75
819 790 714
0 44 48 24 16 67 20 -70 -66 -80 1 -38 -7
1 81 39 85 55 71 44 -25 -90 -56 97 -56 89
2 72 36 45 80 8 85 45 64 99 97 -91 63
3 58 98 72 45 8 22 -4 -84 61 -78 -27 -40
4 39 88 11 93 74 10 -67 10 -44 42 12 -4
5 74 37 40 63 37 42 -36 30 -36 -19 -55 -22
6 30 85 88 58 7 79 69 -30 -18 -83 36 45
7 51 32 2 81 2 31 72 80 51 41 46 95
8 42 36 99 52 79 73 -44 -11 77 37 -55 98
9 92 80 2 57 49 22 -29 63 83 84 -94 -21
10 56 99 34 54 8 19 85 -36 99 -45 73 -59
11 69 13 57 92 26 72 -70 55 86 13 -67 -5
12 21 27 8 71 93 8 -36 -72 47 -38 68 -81
13 25 40 100 11 1 8 -30 86 99 -66 -72 -34
14 70 21 76 31 32 91 25 -78 -44 37 -22 -28
15 31 13 7 89 91 18 25 37 -44 16 -62 -15
16 66 68 54 40 92 42 71 -61 -60 15 -81 -3
17 27 62 98 79 21 78 69 -30 40 -27 -46 -35
18 92 62 90 6 59 74 65 5 20 -92 77 -36
19 81 60 98 91 98 89 13 -33 97 3 -93 38
20 42 88 30 51 9 37 -18 92 48 -51 93 19
21 83 44 74 31 52 20 31 36 -29 57 -50 -94
22 91 43 23 87 87 66 -28 35 9 12 -69 -72
23 19 83 68 27 96 30 -5 -29 82 4 74 -31
24 32 84 26 76 27 36 44 76 9 -47 0 41
25 40 52 28 15 72 65 35 -65 -14 45 49 -35
26 20 78 68 95 80 16 1 67 -68 15 -41 -73
27 76 68 89 17 64 65 -19 52 24 79 -77 -47
28 78 69 47 24 78 14 -7 -81 36 22 -68 0
29 72 73 41 23 87 27 -47 82 -15 -50 63 -8
30 35 34 35 72 35 92 27 -86 56 100 -97 -27
31 23 49 18 91 14 20 19 28 16 -22 -89 3
32 3 65 10 40 63 43 -25 -39 -9 -31 -87 95
33 54 84 94 29 4 80 -48 65 63 -4 -39 17
34 48 49 8 71 20 83 -25 83 57 87 -65 10
35 42 65 1 50 28 2 -15 49 -73 -17 -62 55
36 50 17 3 26 38 14 -72 -23 -55 19 58 6
37 61 53 80 44 56 48 74 49 27 100 54 -42
38 35 90 49 47 47 11 -46 49 -87 71 51 43
39 44 73 51 36 70 30 -88 68 25 48 -60 -1
40 41 11 14 81 56 55 -14 -41 79 -71 -56 -83
41 50 19 25 78 30 59 -57 -48 -71 -93 16 -21
42 13 85 36 71 24 55 44 4 29 -35 -1 -32
43 68 62 12 68 100 100 -26 79 -65 72 42 -61
44 52 30 9 8 86 13 20 -93 94 76 -99 -58
45 84 53 29 48 11 97 16 -61 23 -5 40 14
46 99 53 13 97 20 47 37 -97 90 -23 22 24
47 89 49 64 2 81 50 -13 -42 5 -36 -64 57
48 29 57 8 36 3 33 95 -89 -34 30 17 21
49 83 73 99 50 71 12 -13 68 19 36 -97 -53
50 39 27 48 44 9 33 -7 -20 43 -56 -95 68
51 36 39 19 30 38 45 -12 -67 -20 67 64 26
52 40 59 54 66 77 75 -27 -79 22 -47 -9 25
53 37 6 49 68 100 45 -76 74 2 -19 -66 22
54 32 51 74 57 20 74 -43 55 2 100 42 -7
55 58 81 49 10 95 59 39 86 5 -99 -44 -38
56 40 34 92 81 83 25 46 79 -86 51 17 -55
57 8 76 45 80 53 6 46 36 -33 52 -19 -53
58 98 30 39 64 21 86 24 -8 29 -19 -15 45
59 6 55 6 6 77 69 35 96 40 -99 57 97
60 91 54 56 24 21 64 -64 -50 -34 -42 93 48
61 58 58 59 50 98 88 -59 87 14 -78 -73 -26
62 63 52 51 98 68 35 75 -99 -98 -27 40 -43
63 17 97 37 96 91 14 -9 96 -2 -80 -73 -41
64 38 76 83 98 72 14 52 2 6 90 80 72
65 78 23 10 64 53 81 -67 -80 -70 -38 -53 11
66 29 11 71 9 28 49 -46 73 -73 30 -49 -8
67 37 16 10 19 2 46 -68 -81 54 31 67 -2
68 54 57 98 72 33 21 76 80 -40 -92 -99 46
69 97 45 55 46 53 88 75 14 -72 -34 -63 -87
70 46 27 90 10 77 99 23 80 -38 -35 -21 -35
71 24 77 100 19 45 70 78 97 -38 100 -99 -18
72 12 58 25 92 46 44 86 -92 90 37 54 -97
73 99 92 41 56 46 74 -24 86 -82 45 51 71
74 57 97 76 39 8 19 91 -99 62 -64 -46 -65
