3 75
2927 2852 3089
0 2 92 14 64 19 34 -20 26 100 37 -32 -50
1 100 49 4 88 61 52 -13 -84 -20 -74 -1 -97
2 9 86 15 65 53 27 -96 -47 66 97 -98 4
3 98 96 11 2 42 24 34 -38 -59 63 67 100
4 38 1 89 74 45 97 53 96 96 87 34 -1
5 96 90 37 17 54 69 -54 30 84 -2 -74 -28
6 80 28 50 10 1 6 38 -28 -26 58 -23 13
7 26 15 75 7 28 38 -88 20 25 66 -91 100
8 57 66 17 84 77 29 -79 -77 -46 -20 -37 12
9 17 16 58 87 44 10 -70 59 -57 55 60 26
10 46 49 16 100 40 73 67 57 86 17 43 97
11 40 99 55 7 46 46 6 56 -14 5 -70 -5
12 67 99 93 87 57 13 47 -32 -71 66 -17 13
13 45 89 41 58 12 52 -89 -81 -17 -60 -72 77
14 52 100 64 32 51 9 30 49 -91 78 -80 -28
15 43 41 90 5 62 80 87 80 48 -69 50 11
16 97 30 75 9 75 31 -98 -62 -37 48 65 27
17 48 94 95 25 5 16 -69 6 14 -62 65 -57
18 45 81 51 87 35 40 97 21 -5 98 62 8
19 1 8 29 72 74 44 52 -86 46 81 -94 99
20 44 7 40 3 33 32 38 67 -71 -5 52 -25
21 1 6 98 38 25 20 -40 -3 -75 82 -56 -25
22 2 26 98 43 51 92 -48 66 75 52 -96 -12
23 24 83 66 21 4 51 -19 99 -18 -13 -83 -32
24 5 90 40 12 16 68 -47 66 57 60 -1 53
25 69 18 83 93 82 70 81 80 37 84 20 79
26 60 20 46 70 86 9 65 13 -2 3 -26 77
27 28 20 98 40 70 49 91 36 -71 6 93 -72
28 26 30 52 81 48 76 -26 -15 15 -48 98 -11
29 61 82 94 67 71 89 65 -36 96 -80 1 92
30 63 12 10 98 48 22 48 -10 8 24 -69 -84
31 74 60 5 18 4 24 -94 99 60 -50 -17 57
32 76 13 22 43 60 14 -46 -61 6 57 -90 63
33 50 7 19 54 70 77 -28 -84 -25 -85 -38 38
34 54 97 61 17 52 99 73 25 -71 -74 -86 -34
35 28 36 16 35 72 39 71 93 61 46 -66 -72
36 28 50 8 44 24 31 -19 -54 65 -46 -85 58
37 45 45 31 2 32 19 -55 80 -32 -51 92 23
38 61 68 91 36 7 13 -19 33 71 -77 -22 75
39 40 18 53 14 34 100 78 9 -38 52 -79 -61
40 28 17 98 35 25 88 54 19 -85 -79 -94 15
41 53 39 6 7 66 71 63 -84 71 -66 17 56
42 3 13 17 86 41 49 -5 22 51 28 -20 81
43 34 45 21 52 44 4 24 17 53 82 88 8
44 85 22 37 9 82 47 8 -18 -25 -89 99 65
45 46 55 33 40 58 58 89 -53 42 71 88 76
46 22 49 34 8 60 21 -52 62 78 5 -57 -26
47 66 24 94 87 72 47 -45 27 -28 23 11 21
48 56 74 97 6 91 60 -82 -74 -30 74 -85 28
49 36 50 24 2 71 60 -20 -31 -6 71 61 90
50 49 78 48 24 55 57 -40 13 4 72 -41 -47
51 43 73 77 79 87 96 45 13 -45 -7 -59 39
52 34 87 9 29 27 98 63 73 98 67 -1 -21
53 83 58 53 7 56 64 -52 -95 -44 0 41 39
54 100 39 1 66 61 69 61 61 49 -56 58 52
55 6 25 58 96 70 97 62 46 -46 94 32 50
56 57 93 52 7 52 77 7 -31 -97 -54 64 10
57 22 60 15 21 3 54 -74 1 -31 -59 29 -19
58 18 40 46 91 57 71 -47 31 52 -29 -91 9
59 74 12 86 25 32 55 -8 70 -76 -78 -71 -53
60 57 70 12 57 100 33 -69 -48 8 -27 -27 -14
61 29 57 3 64 57 76 64 -27 -4 -2 -86 -71
62 32 44 36 88 80 58 -55 57 -66 14 68 -21
63 59 85 61 49 98 11 -67 -57 -11 39 76 -1
64 92 13 93 86 11 76 -54 -81 69 -7 -93 -91
65 96 29 27 56 33 34 -15 96 -5 14 37 21
66 92 34 87 78 42 43 33 98 -12 19 23 10
67 50 7 3 46 92 6 -60 100 73 30 73 30
68 88 92 99 82 13 79 0 50 -84 13 84 -20
69 18 45 92 49 42 90 23 38 27 88 93 -66
70 10 7 43 62 1 99 92 -16 -87 23 91 -76
71 80 73 35 69 80 34 45 -79 50 -15 -68 86
72 36 16 19 46 65 25 87 -11 88 65 -20 -93
73 58 72 5 85 68 94 -3 85 0 66 -75 95
74 17 45 49 63 91 77 -18 -16 -32 -75 4 -28
